1786177695.542 -1.8534598554358346 -0.5983557911708428 :: 1,-1.8534598554358346,-0.5983557911708428
1786177695.742 -1.9247676276273538 -0.4540703320383283 :: 1,-1.9247676276273538,-0.4540703320383283
1786177695.942 -1.8990086962432227 -0.24167204602557227 :: 1,-1.8990086962432227,-0.24167204602557227
1786177696.142 -1.923643895194634 0.11621308743813644 :: 1,-1.923643895194634,0.11621308743813644
1786177696.342 -1.9093102926629104 0.22378940496305114 :: 1,-1.9093102926629104,0.22378940496305114
1786177696.542 -1.9203482361619881 0.3383849296036716 :: 1,-1.9203482361619881,0.3383849296036716
1786177696.742 -2.092777178582109 0.4570736407833482 :: 1,-2.092777178582109,0.4570736407833482
1786177696.942 -2.0112118682348643 0.4799895007948157 :: 1,-2.0112118682348643,0.4799895007948157
1786177697.142 -2.0157838757482613 0.4429984585109189 :: 1,-2.0157838757482613,0.4429984585109189
1786177697.342 -1.979311941082611 0.4379181772717161 :: 1,-1.979311941082611,0.4379181772717161
1786177697.542 -1.9798776949977328 0.4289784904662495 :: 1,-1.9798776949977328,0.4289784904662495
1786177697.742 -1.9794521240962468 0.4330694865977116 :: 1,-1.9794521240962468,0.4330694865977116
1786177697.942 -1.9770037996696908 0.45077957850997574 :: 1,-1.9770037996696908,0.45077957850997574
1786177698.142 -2.0141322300544076 0.4507634254436027 :: 1,-2.0141322300544076,0.4507634254436027
1786177698.342 -2.0144360132938286 0.4677176629183343 :: 1,-2.0144360132938286,0.4677176629183343
1786177698.542 -1.9741226341828106 0.4717486637843038 :: 1,-1.9741226341828106,0.4717486637843038
1786177698.741 -1.9722785319443203 0.48701509631860695 :: 1,-1.9722785319443203,0.48701509631860695
1786177698.941 -1.9404084349140418 0.4681356457124626 :: 1,-1.9404084349140418,0.4681356457124626
1786177699.050 -1.8987304819882638 0.2892907122621563 :: 1,-1.8987304819882638,0.2892907122621563
1786177699.141 -1.8987304819882638 0.2892907122621563 :: 1,-1.8987304819882638,0.2892907122621563
1786177699.185 -1.892641018000785 0.26739468178751596 :: 1,-1.892641018000785,0.26739468178751596
1786177699.341 -1.892641018000785 0.26739468178751596 :: 1,-1.892641018000785,0.26739468178751596
1786177699.308 -1.892641018000785 0.26739468178751596 :: 1,-1.892641018000785,0.26739468178751596
1786177699.443 -1.892641018000785 0.26739468178751596 :: 1,-1.892641018000785,0.26739468178751596
1786177699.541 -1.892641018000785 0.26739468178751596 :: 1,-1.892641018000785,0.26739468178751596
1786177699.566 -1.892641018000785 0.26739468178751596 :: 1,-1.892641018000785,0.26739468178751596
1786177699.701 -2.2886805266614156 0.21881562318600117 :: 1,-2.2886805266614156,0.21881562318600117
1786177699.741 -2.2886805266614156 0.21881562318600117 :: 1,-2.2886805266614156,0.21881562318600117 | 2,-1.067500244084832,0.052057199774209084
1786177699.824 -2.2886805266614156 0.21881562318600117 :: 1,-2.2886805266614156,0.21881562318600117 | 2,-1.067500244084832,0.052057199774209084
1786177699.941 -2.2886805266614156 0.21881562318600117 :: 1,-2.2886805266614156,0.21881562318600117 | 2,-1.0724292545651015,0.016146820600882225
1786177699.959 -2.2886805266614156 0.21881562318600117 :: 1,-2.2886805266614156,0.21881562318600117 | 2,-1.0724292545651015,0.016146820600882225
1786177700.082 -1.8713672730486117 -0.001946166351919132 :: 1,-1.8713672730486117,-0.001946166351919132 | 2,-1.0724292545651015,0.016146820600882225
1786177700.141 -1.8713672730486117 -0.001946166351919132 :: 1,-1.8713672730486117,-0.001946166351919132 | 2,-1.0724292545651015,0.016146820600882225
1786177700.217 -1.8433241061794754 -0.08275327630889653 :: 1,-1.8433241061794754,-0.08275327630889653 | 2,-1.0724292545651015,0.016146820600882225
1786177700.341 -1.8433241061794754 -0.08275327630889653 :: 1,-1.8433241061794754,-0.08275327630889653 | 2,-1.0724292545651015,0.016146820600882225
1786177700.340 -1.6445629427650468 -0.25162935728973423 :: 1,-1.6445629427650468,-0.25162935728973423 | 2,-1.0724292545651015,0.016146820600882225
1786177700.463 -1.6445629427650468 -0.25162935728973423 :: 1,-1.6445629427650468,-0.25162935728973423 | 2,-1.0724292545651015,0.016146820600882225
1786177700.541 -1.6445629427650468 -0.25162935728973423 :: 1,-1.6445629427650468,-0.25162935728973423 | 2,-1.0724292545651015,0.016146820600882225
1786177700.597 -1.6445629427650468 -0.25162935728973423 :: 1,-1.6445629427650468,-0.25162935728973423 | 2,-1.0724292545651015,0.016146820600882225
1786177700.741 -1.6445629427650468 -0.25162935728973423 :: 1,-1.6445629427650468,-0.25162935728973423 | 2,-1.0724292545651015,0.016146820600882225
1786177700.721 -1.7275158846995982 -0.43328822242815124 :: 1,-1.7275158846995982,-0.43328822242815124 | 2,-1.0724292545651015,0.016146820600882225
1786177700.857 -1.5881031075623067 -0.3046887071501932 :: 1,-1.5881031075623067,-0.3046887071501932 | 2,-1.0724292545651015,0.016146820600882225
1786177700.941 -1.5881031075623067 -0.3046887071501932 :: 1,-1.5881031075623067,-0.3046887071501932 | 2,-1.0724292545651015,0.016146820600882225
1786177700.979 -1.5598308513569525 -0.3441628971808596 :: 1,-1.5598308513569525,-0.3441628971808596 | 2,-1.0724292545651015,0.016146820600882225
1786177701.141 -1.5598308513569525 -0.3441628971808596 :: 1,-1.5598308513569525,-0.3441628971808596 | 2,-1.0724292545651015,0.016146820600882225
1786177701.114 -1.5331318246155012 -0.363429922354296 :: 1,-1.5331318246155012,-0.363429922354296 | 2,-1.0724292545651015,0.016146820600882225
1786177701.237 -1.498858330178877 -0.45171546710129856 :: 1,-1.498858330178877,-0.45171546710129856 | 2,-1.0724292545651015,0.016146820600882225
1786177701.341 -1.498858330178877 -0.45171546710129856 :: 1,-1.498858330178877,-0.45171546710129856 | 2,-1.7165823090549162,1.1076476764485872
1786177701.372 -1.498858330178877 -0.45171546710129856 :: 1,-1.498858330178877,-0.45171546710129856 | 2,-1.7165823090549162,1.1076476764485872
1786177701.494 -1.498858330178877 -0.45171546710129856 :: 1,-1.498858330178877,-0.45171546710129856 | 2,-1.7165823090549162,1.1076476764485872
1786177701.541 -1.498858330178877 -0.45171546710129856 :: 1,-1.498858330178877,-0.45171546710129856 | 2,-1.7616753114037775,1.283073292941783
1786177701.629 -1.498858330178877 -0.45171546710129856 :: 1,-1.498858330178877,-0.45171546710129856 | 2,-1.7616753114037775,1.283073292941783
1786177701.741 -1.498858330178877 -0.45171546710129856 :: 1,-1.498858330178877,-0.45171546710129856 | 2,-1.7616753114037775,1.283073292941783 | 3,-1.607734920590172,1.0563570391736292
1786177701.753 -1.498858330178877 -0.45171546710129856 :: 1,-1.498858330178877,-0.45171546710129856 | 2,-1.7616753114037775,1.283073292941783 | 3,-1.607734920590172,1.0563570391736292
1786177701.875 -1.498858330178877 -0.45171546710129856 :: 1,-1.498858330178877,-0.45171546710129856 | 2,-1.7616753114037775,1.283073292941783 | 3,-1.607734920590172,1.0563570391736292
1786177701.941 -1.498858330178877 -0.45171546710129856 :: 1,-1.498858330178877,-0.45171546710129856 | 2,-1.7616753114037775,1.283073292941783 | 3,-1.7363489169337314,0.9949247944758434
1786177702.010 -1.498858330178877 -0.45171546710129856 :: 1,-1.498858330178877,-0.45171546710129856 | 2,-1.7616753114037775,1.283073292941783 | 3,-1.7363489169337314,0.9949247944758434
1786177702.141 -1.498858330178877 -0.45171546710129856 :: 1,-1.498858330178877,-0.45171546710129856 | 2,-1.7616753114037775,1.283073292941783 | 3,-1.7176700824502364,0.9186224237840817
1786177702.133 -1.0105278821678274 -0.7943530030439452 :: 1,-1.0105278821678274,-0.7943530030439452 | 2,-1.7616753114037775,1.283073292941783 | 3,-1.7176700824502364,0.9186224237840817
1786177702.268 -1.0105278821678274 -0.7943530030439452 :: 1,-1.0105278821678274,-0.7943530030439452 | 2,-1.7616753114037775,1.283073292941783 | 3,-1.7176700824502364,0.9186224237840817
1786177702.341 -1.0105278821678274 -0.7943530030439452 :: 1,-1.0105278821678274,-0.7943530030439452 | 2,-1.7616753114037775,1.283073292941783 | 3,-1.6881357064059443,0.6591316868750365
1786177702.391 -1.0105278821678274 -0.7943530030439452 :: 1,-1.0105278821678274,-0.7943530030439452 | 2,-1.7616753114037775,1.283073292941783 | 3,-1.6881357064059443,0.6591316868750365
1786177702.541 -1.0105278821678274 -0.7943530030439452 :: 1,-1.0105278821678274,-0.7943530030439452 | 2,-1.7616753114037775,1.283073292941783 | 3,-1.8529263061073302,0.37391184106837927
1786177702.526 -1.1170685374845666 -0.6367929208228038 :: 1,-1.1170685374845666,-0.6367929208228038 | 2,-1.7616753114037775,1.283073292941783 | 3,-1.8529263061073302,0.37391184106837927
1786177702.649 -1.1170685374845666 -0.6367929208228038 :: 1,-1.1170685374845666,-0.6367929208228038 | 2,-1.7616753114037775,1.283073292941783 | 3,-1.8529263061073302,0.37391184106837927
1786177702.741 -1.1170685374845666 -0.6367929208228038 :: 1,-1.1170685374845666,-0.6367929208228038 | 2,-1.7616753114037775,1.283073292941783 | 3,-1.8497501848956284,0.12892444749376325
1786177702.784 -1.1170685374845666 -0.6367929208228038 :: 1,-1.1170685374845666,-0.6367929208228038 | 2,-1.7616753114037775,1.283073292941783 | 3,-1.8497501848956284,0.12892444749376325
1786177702.908 -0.838845996399295 -0.6474155118066699 :: 1,-0.838845996399295,-0.6474155118066699 | 2,-1.7616753114037775,1.283073292941783 | 3,-1.8497501848956284,0.12892444749376325
1786177702.941 -0.838845996399295 -0.6474155118066699 :: 1,-0.838845996399295,-0.6474155118066699 | 2,-1.7616753114037775,1.283073292941783 | 3,-1.8468607378089235,-0.0918980292660091
1786177703.030 -0.9007498723342442 -0.4576438557065291 :: 1,-0.9007498723342442,-0.4576438557065291 | 2,-1.7616753114037775,1.283073292941783 | 3,-1.8468607378089235,-0.0918980292660091
1786177703.141 -0.9007498723342442 -0.4576438557065291 :: 1,-0.9007498723342442,-0.4576438557065291 | 2,-1.7616753114037775,1.283073292941783 | 3,-1.029988660764925,-0.5050590967941758
1786177703.165 -0.8468252638312699 -0.57054749924109 :: 1,-0.8468252638312699,-0.57054749924109 | 2,-1.7616753114037775,1.283073292941783 | 3,-1.029988660764925,-0.5050590967941758
1786177703.287 -0.8468252638312699 -0.57054749924109 :: 1,-0.8468252638312699,-0.57054749924109 | 2,-1.7616753114037775,1.283073292941783 | 3,-1.029988660764925,-0.5050590967941758
1786177703.341 -0.8468252638312699 -0.57054749924109 :: 1,-0.8468252638312699,-0.57054749924109 | 2,-1.7616753114037775,1.283073292941783 | 3,-1.0069419122852976,-0.4726722301319228
1786177703.422 -0.8468252638312699 -0.57054749924109 :: 1,-0.8468252638312699,-0.57054749924109 | 2,-1.7616753114037775,1.283073292941783 | 3,-1.0069419122852976,-0.4726722301319228
1786177703.541 -0.8468252638312699 -0.57054749924109 :: 1,-0.8468252638312699,-0.57054749924109 | 2,-1.7616753114037775,1.283073292941783 | 3,-0.8831730535347186,-0.37291502469646925
1786177703.545 -0.8468252638312699 -0.57054749924109 :: 1,-0.8468252638312699,-0.57054749924109 | 2,-1.7616753114037775,1.283073292941783 | 3,-0.8831730535347186,-0.37291502469646925
1786177703.681 -0.8246398688252075 0.18477473682936052 :: 1,-0.8246398688252075,0.18477473682936052 | 2,-1.7616753114037775,1.283073292941783 | 3,-0.8831730535347186,-0.37291502469646925
1786177703.741 -0.8246398688252075 0.18477473682936052 :: 1,-0.8246398688252075,0.18477473682936052 | 2,-1.7616753114037775,1.283073292941783 | 3,-0.8831730535347186,-0.37291502469646925
1786177703.803 -0.8246398688252075 0.18477473682936052 :: 1,-0.8246398688252075,0.18477473682936052 | 2,-1.7616753114037775,1.283073292941783 | 3,-0.8831730535347186,-0.37291502469646925
1786177703.941 -0.8246398688252075 0.18477473682936052 :: 1,-0.8246398688252075,0.18477473682936052 | 2,-1.7616753114037775,1.283073292941783 | 3,-0.8831730535347186,-0.37291502469646925
1786177703.938 -0.8246398688252075 0.18477473682936052 :: 1,-0.8246398688252075,0.18477473682936052 | 2,-1.7616753114037775,1.283073292941783 | 3,-0.8831730535347186,-0.37291502469646925
1786177704.062 -0.8246398688252075 0.18477473682936052 :: 1,-0.8246398688252075,0.18477473682936052 | 2,-1.7616753114037775,1.283073292941783 | 3,-0.8831730535347186,-0.37291502469646925
1786177704.141 -0.8246398688252075 0.18477473682936052 :: 1,-0.8246398688252075,0.18477473682936052 | 2,-1.7616753114037775,1.283073292941783 | 3,-0.8831730535347186,-0.37291502469646925
1786177704.196 -0.8246398688252075 0.18477473682936052 :: 1,-0.8246398688252075,0.18477473682936052 | 2,-1.7616753114037775,1.283073292941783 | 3,-0.8831730535347186,-0.37291502469646925
1786177704.341 -0.8246398688252075 0.18477473682936052 :: 1,-0.8246398688252075,0.18477473682936052 | 2,-1.7616753114037775,1.283073292941783 | 3,-0.8831730535347186,-0.37291502469646925
1786177704.319 -0.8246398688252075 0.18477473682936052 :: 1,-0.8246398688252075,0.18477473682936052 | 2,-1.7616753114037775,1.283073292941783 | 3,-0.8831730535347186,-0.37291502469646925
1786177704.442 -0.8246398688252075 0.18477473682936052 :: 1,-0.8246398688252075,0.18477473682936052 | 2,-1.7616753114037775,1.283073292941783 | 3,-0.8831730535347186,-0.37291502469646925
1786177704.541 -0.8246398688252075 0.18477473682936052 :: 1,-0.8246398688252075,0.18477473682936052 | 2,-1.7616753114037775,1.283073292941783 | 3,-0.8831730535347186,-0.37291502469646925
1786177704.577 -1.1410199489846762 0.2569296582759276 :: 1,-1.1410199489846762,0.2569296582759276 | 2,-1.7616753114037775,1.283073292941783 | 3,-0.8831730535347186,-0.37291502469646925
1786177704.700 -1.1410199489846762 0.2569296582759276 :: 1,-1.1410199489846762,0.2569296582759276 | 2,-1.7616753114037775,1.283073292941783 | 3,-0.8831730535347186,-0.37291502469646925
1786177704.741 -1.1410199489846762 0.2569296582759276 :: 1,-1.1410199489846762,0.2569296582759276 | 3,-0.8831730535347186,-0.37291502469646925
1786177704.835 -1.3488930553348129 0.26299251623458075 :: 1,-1.3488930553348129,0.26299251623458075 | 3,-0.8831730535347186,-0.37291502469646925
1786177704.941 -1.3488930553348129 0.26299251623458075 :: 1,-1.3488930553348129,0.26299251623458075 | 3,-0.8831730535347186,-0.37291502469646925
1786177704.958 -1.3625284302885816 0.26662603075450936 :: 1,-1.3625284302885816,0.26662603075450936 | 3,-0.8831730535347186,-0.37291502469646925
1786177705.093 -1.384384671191569 0.27695519960283677 :: 1,-1.384384671191569,0.27695519960283677 | 3,-0.8831730535347186,-0.37291502469646925
1786177705.141 -1.384384671191569 0.27695519960283677 :: 1,-1.384384671191569,0.27695519960283677 | 3,-0.8831730535347186,-0.37291502469646925
1786177705.216 -1.4217743528901443 0.2916392945353252 :: 1,-1.4217743528901443,0.2916392945353252 | 3,-0.8831730535347186,-0.37291502469646925
1786177705.341 -1.4217743528901443 0.2916392945353252 :: 1,-1.4217743528901443,0.2916392945353252 | 3,-0.8831730535347186,-0.37291502469646925
1786177705.351 -1.548132631993879 0.3202356360383027 :: 1,-1.548132631993879,0.3202356360383027 | 3,-0.8831730535347186,-0.37291502469646925
1786177705.474 -1.7641103523884927 0.3409753908031015 :: 1,-1.7641103523884927,0.3409753908031015 | 3,-0.8831730535347186,-0.37291502469646925
1786177705.541 -1.7641103523884927 0.3409753908031015 :: 1,-1.7641103523884927,0.3409753908031015 | 3,-0.8831730535347186,-0.37291502469646925
1786177705.596 -1.8184560525671691 0.302162872055562 :: 1,-1.8184560525671691,0.302162872055562 | 3,-0.8831730535347186,-0.37291502469646925
1786177705.732 -1.8336680214741699 0.2798930956311328 :: 1,-1.8336680214741699,0.2798930956311328 | 3,-0.8831730535347186,-0.37291502469646925
1786177705.740 -1.8336680214741699 0.2798930956311328 :: 1,-1.8336680214741699,0.2798930956311328 | 3,-0.8831730535347186,-0.37291502469646925
1786177705.855 -2.0647112764998825 0.35791664028038794 :: 1,-2.0647112764998825,0.35791664028038794 | 3,-0.8831730535347186,-0.37291502469646925
1786177705.940 -2.0647112764998825 0.35791664028038794 :: 1,-2.0647112764998825,0.35791664028038794 | 3,-0.8831730535347186,-0.37291502469646925
1786177705.989 -2.0647112764998825 0.35791664028038794 :: 1,-2.0647112764998825,0.35791664028038794 | 3,-0.8831730535347186,-0.37291502469646925
1786177706.113 -2.0647112764998825 0.35791664028038794 :: 1,-2.0647112764998825,0.35791664028038794 | 3,-0.8831730535347186,-0.37291502469646925
1786177706.140 -2.0647112764998825 0.35791664028038794 :: 1,-2.0647112764998825,0.35791664028038794 | 3,-0.8831730535347186,-0.37291502469646925
1786177706.248 -2.0647112764998825 0.35791664028038794 :: 1,-2.0647112764998825,0.35791664028038794 | 3,-0.8831730535347186,-0.37291502469646925
1786177706.340 -2.0647112764998825 0.35791664028038794 :: 1,-2.0647112764998825,0.35791664028038794 | 3,-0.8831730535347186,-0.37291502469646925
1786177706.371 -2.0647112764998825 0.35791664028038794 :: 1,-2.0647112764998825,0.35791664028038794 | 3,-0.8831730535347186,-0.37291502469646925
1786177706.506 -2.0647112764998825 0.35791664028038794 :: 1,-2.0647112764998825,0.35791664028038794 | 3,-0.8831730535347186,-0.37291502469646925
1786177706.540 -2.0647112764998825 0.35791664028038794 :: 1,-2.0647112764998825,0.35791664028038794 | 3,-0.8831730535347186,-0.37291502469646925
1786177706.629 -1.9559198416909984 -0.43337249588799365 :: 1,-1.9559198416909984,-0.43337249588799365 | 3,-0.8831730535347186,-0.37291502469646925
1786177706.740 -1.9559198416909984 -0.43337249588799365 :: 1,-1.9559198416909984,-0.43337249588799365
1786177706.763 -1.9711976447653554 -0.43569457927105193 :: 1,-1.9711976447653554,-0.43569457927105193
1786177706.886 -1.9711976447653554 -0.43569457927105193 :: 1,-1.9711976447653554,-0.43569457927105193
1786177706.940 -1.9711976447653554 -0.43569457927105193 :: 1,-1.9711976447653554,-0.43569457927105193
1786177707.010 -1.9760046335777184 -0.4791691552820243 :: 1,-1.9760046335777184,-0.4791691552820243
1786177707.140 -1.9760046335777184 -0.4791691552820243 :: 1,-1.9760046335777184,-0.4791691552820243
1786177707.144 -1.8863744286430966 -0.7058639803643194 :: 1,-1.8863744286430966,-0.7058639803643194
1786177707.267 -1.877921287160992 -0.7432438030133016 :: 1,-1.877921287160992,-0.7432438030133016
1786177707.340 -1.877921287160992 -0.7432438030133016 :: 1,-1.877921287160992,-0.7432438030133016 | 4,-2.216066362201731,-1.0726873896227862
1786177707.402 -1.7839007068684511 -0.92726906886233 :: 1,-1.7839007068684511,-0.92726906886233 | 4,-2.216066362201731,-1.0726873896227862
1786177707.540 -1.7839007068684511 -0.92726906886233 :: 1,-1.7839007068684511,-0.92726906886233 | 4,-2.216066362201731,-1.0726873896227862
1786177707.740 -1.7839007068684511 -0.92726906886233 :: 1,-1.7839007068684511,-0.92726906886233 | 4,-2.216066362201731,-1.0726873896227862
1786177707.940 -1.7839007068684511 -0.92726906886233 :: 1,-1.7839007068684511,-0.92726906886233 | 4,-2.216066362201731,-1.0726873896227862
1786177708.140 -1.7839007068684511 -0.92726906886233 :: 1,-1.7839007068684511,-0.92726906886233 | 4,-2.216066362201731,-1.0726873896227862
1786177708.340 -1.7839007068684511 -0.92726906886233 :: 1,-1.7839007068684511,-0.92726906886233 | 4,-2.216066362201731,-1.0726873896227862
1786177708.540 -1.7839007068684511 -0.92726906886233 :: 1,-1.7839007068684511,-0.92726906886233 | 4,-2.216066362201731,-1.0726873896227862
1786177708.557 -2.057863825491809 -1.5171737260339264 :: 1,-2.057863825491809,-1.5171737260339264 | 4,-2.216066362201731,-1.0726873896227862
1786177708.679 -2.069210200728386 -1.5702764565822618 :: 1,-2.069210200728386,-1.5702764565822618 | 4,-2.216066362201731,-1.0726873896227862
1786177708.740 -2.069210200728386 -1.5702764565822618 :: 1,-2.069210200728386,-1.5702764565822618 | 4,-2.216066362201731,-1.0726873896227862
1786177708.814 -2.069210200728386 -1.5702764565822618 :: 1,-2.069210200728386,-1.5702764565822618 | 4,-2.216066362201731,-1.0726873896227862
1786177708.940 -2.069210200728386 -1.5702764565822618 :: 1,-2.069210200728386,-1.5702764565822618 | 4,-2.216066362201731,-1.0726873896227862
1786177708.938 -2.069210200728386 -1.5702764565822618 :: 1,-2.069210200728386,-1.5702764565822618 | 4,-2.216066362201731,-1.0726873896227862
1786177709.073 -2.069210200728386 -1.5702764565822618 :: 1,-2.069210200728386,-1.5702764565822618 | 4,-2.216066362201731,-1.0726873896227862
1786177709.140 -2.069210200728386 -1.5702764565822618 :: 1,-2.069210200728386,-1.5702764565822618 | 4,-2.216066362201731,-1.0726873896227862
1786177709.195 -2.069210200728386 -1.5702764565822618 :: 1,-2.069210200728386,-1.5702764565822618 | 4,-2.216066362201731,-1.0726873896227862
1786177709.340 -2.069210200728386 -1.5702764565822618 :: 1,-2.069210200728386,-1.5702764565822618 | 4,-2.216066362201731,-1.0726873896227862
1786177709.330 -1.9034552803128775 -2.127897781586273 :: 1,-1.9034552803128775,-2.127897781586273 | 4,-2.216066362201731,-1.0726873896227862
1786177709.453 -1.9275976706991422 -1.991618904066419 :: 1,-1.9275976706991422,-1.991618904066419 | 4,-2.216066362201731,-1.0726873896227862
1786177709.540 -1.9275976706991422 -1.991618904066419 :: 1,-1.9275976706991422,-1.991618904066419 | 4,-2.216066362201731,-1.0726873896227862
1786177709.588 -1.9564987031391903 -1.996622971663908 :: 1,-1.9564987031391903,-1.996622971663908 | 4,-2.216066362201731,-1.0726873896227862
1786177709.740 -1.9564987031391903 -1.996622971663908 :: 1,-1.9564987031391903,-1.996622971663908 | 4,-2.216066362201731,-1.0726873896227862
1786177709.711 -1.9926962514708695 -2.0533345498756526 :: 1,-1.9926962514708695,-2.0533345498756526 | 4,-2.216066362201731,-1.0726873896227862
1786177709.834 -2.0439928960091205 -2.1137263295167723 :: 1,-2.0439928960091205,-2.1137263295167723 | 4,-2.216066362201731,-1.0726873896227862
1786177709.940 -2.0439928960091205 -2.1137263295167723 :: 1,-2.0439928960091205,-2.1137263295167723 | 4,-2.216066362201731,-1.0726873896227862
1786177709.972 -2.0886560841692248 -2.1563573872277733 :: 1,-2.0886560841692248,-2.1563573872277733 | 4,-2.216066362201731,-1.0726873896227862
1786177710.091 -2.0886560841692248 -2.1563573872277733 :: 1,-2.0886560841692248,-2.1563573872277733 | 4,-2.216066362201731,-1.0726873896227862
1786177710.140 -2.0886560841692248 -2.1563573872277733 :: 1,-2.0886560841692248,-2.1563573872277733 | 4,-2.216066362201731,-1.0726873896227862
1786177710.227 -2.0334066186930624 -2.0803696573442716 :: 1,-2.0334066186930624,-2.0803696573442716 | 4,-2.216066362201731,-1.0726873896227862
1786177710.340 -2.0334066186930624 -2.0803696573442716 :: 1,-2.0334066186930624,-2.0803696573442716 | 4,-2.216066362201731,-1.0726873896227862
1786177710.350 -2.036485838953059 -2.0718938995297536 :: 1,-2.036485838953059,-2.0718938995297536 | 4,-2.216066362201731,-1.0726873896227862
1786177710.485 -2.001827235705544 -2.039525766265676 :: 1,-2.001827235705544,-2.039525766265676 | 4,-2.216066362201731,-1.0726873896227862
1786177710.540 -2.001827235705544 -2.039525766265676 :: 1,-2.001827235705544,-2.039525766265676
1786177710.608 -1.9767686823134487 -2.0154865928980907 :: 1,-1.9767686823134487,-2.0154865928980907
1786177710.740 -1.9767686823134487 -2.0154865928980907 :: 1,-1.9767686823134487,-2.0154865928980907 | 5,-1.982708020433789,-0.40176292851469964
1786177710.743 -1.9306679144701344 -1.9725784646975073 :: 1,-1.9306679144701344,-1.9725784646975073 | 5,-1.982708020433789,-0.40176292851469964
1786177710.866 -1.9096451400170982 -1.931486116289341 :: 1,-1.9096451400170982,-1.931486116289341 | 5,-1.982708020433789,-0.40176292851469964
1786177710.940 -1.9096451400170982 -1.931486116289341 :: 1,-1.9096451400170982,-1.931486116289341 | 5,-1.8648588240546287,-0.4657974641830346
1786177710.988 -1.9096451400170982 -1.931486116289341 :: 1,-1.9096451400170982,-1.931486116289341 | 5,-1.8648588240546287,-0.4657974641830346
1786177711.140 -1.9096451400170982 -1.931486116289341 :: 1,-1.9096451400170982,-1.931486116289341 | 5,-1.9764403398065302,-0.35074040595266853
1786177711.124 -1.9096451400170982 -1.931486116289341 :: 1,-1.9096451400170982,-1.931486116289341 | 5,-1.9764403398065302,-0.35074040595266853
1786177711.246 -1.9096451400170982 -1.931486116289341 :: 1,-1.9096451400170982,-1.931486116289341 | 5,-1.9764403398065302,-0.35074040595266853
1786177711.340 -1.9096451400170982 -1.931486116289341 :: 1,-1.9096451400170982,-1.931486116289341 | 5,-1.9764403398065302,-0.35074040595266853 | 6,-2.0216044081889186,0.16082327295642967
1786177711.381 -1.9378087231967032 -1.9476282528119226 :: 1,-1.9378087231967032,-1.9476282528119226 | 5,-1.9764403398065302,-0.35074040595266853 | 6,-2.0216044081889186,0.16082327295642967
1786177711.505 -1.9378087231967032 -1.9476282528119226 :: 1,-1.9378087231967032,-1.9476282528119226 | 5,-1.9764403398065302,-0.35074040595266853 | 6,-2.0216044081889186,0.16082327295642967
1786177711.540 -1.9378087231967032 -1.9476282528119226 :: 1,-1.9378087231967032,-1.9476282528119226 | 5,-1.9764403398065302,-0.35074040595266853 | 6,-1.993810223010159,0.3446608482709849
1786177711.639 -1.9378087231967032 -1.9476282528119226 :: 1,-1.9378087231967032,-1.9476282528119226 | 5,-1.9764403398065302,-0.35074040595266853 | 6,-1.993810223010159,0.3446608482709849
1786177711.740 -1.9378087231967032 -1.9476282528119226 :: 1,-1.9378087231967032,-1.9476282528119226 | 5,-1.9764403398065302,-0.35074040595266853 | 6,-1.8091554221647501,0.6784504630605419
1786177711.762 -1.7513408146380978 -1.9362656506933065 :: 1,-1.7513408146380978,-1.9362656506933065 | 5,-1.9764403398065302,-0.35074040595266853 | 6,-1.8091554221647501,0.6784504630605419
1786177711.898 -1.7529861502138195 -1.9431398314245603 :: 1,-1.7529861502138195,-1.9431398314245603 | 5,-1.9764403398065302,-0.35074040595266853 | 6,-1.8091554221647501,0.6784504630605419
1786177711.940 -1.7529861502138195 -1.9431398314245603 :: 1,-1.7529861502138195,-1.9431398314245603 | 5,-1.9764403398065302,-0.35074040595266853 | 6,-1.8522841156371748,0.9615453930167197
1786177712.021 -1.7529861502138195 -1.9431398314245603 :: 1,-1.7529861502138195,-1.9431398314245603 | 5,-1.9764403398065302,-0.35074040595266853 | 6,-1.8522841156371748,0.9615453930167197
1786177712.140 -1.7529861502138195 -1.9431398314245603 :: 1,-1.7529861502138195,-1.9431398314245603 | 5,-1.9764403398065302,-0.35074040595266853 | 6,-1.6643970886069617,1.0629025858494
1786177712.143 -1.7529861502138195 -1.9431398314245603 :: 1,-1.7529861502138195,-1.9431398314245603 | 5,-1.9764403398065302,-0.35074040595266853 | 6,-1.6643970886069617,1.0629025858494
1786177712.278 -1.9042316052492785 -1.9371033310918055 :: 1,-1.9042316052492785,-1.9371033310918055 | 5,-1.9764403398065302,-0.35074040595266853 | 6,-1.6643970886069617,1.0629025858494
1786177712.340 -1.9042316052492785 -1.9371033310918055 :: 1,-1.9042316052492785,-1.9371033310918055 | 5,-1.9764403398065302,-0.35074040595266853 | 6,-1.6235228247201794,1.143844853834201
1786177712.401 -1.9042316052492785 -1.9371033310918055 :: 1,-1.9042316052492785,-1.9371033310918055 | 5,-1.9764403398065302,-0.35074040595266853 | 6,-1.6235228247201794,1.143844853834201
1786177712.540 -1.9042316052492785 -1.9371033310918055 :: 1,-1.9042316052492785,-1.9371033310918055 | 5,-1.9764403398065302,-0.35074040595266853 | 6,-1.6076744032360237,1.0493244701360402
1786177712.536 -1.751955296748878 -1.9701898207124346 :: 1,-1.751955296748878,-1.9701898207124346 | 5,-1.9764403398065302,-0.35074040595266853 | 6,-1.6076744032360237,1.0493244701360402
1786177712.659 -1.7462396200348347 -1.9305606685087247 :: 1,-1.7462396200348347,-1.9305606685087247 | 5,-1.9764403398065302,-0.35074040595266853 | 6,-1.6076744032360237,1.0493244701360402
1786177712.740 -1.7462396200348347 -1.9305606685087247 :: 1,-1.7462396200348347,-1.9305606685087247 | 5,-1.9764403398065302,-0.35074040595266853 | 6,-1.303919531930756,0.9179904226765747
1786177712.793 -1.755655182076957 -1.9573909034332435 :: 1,-1.755655182076957,-1.9573909034332435 | 5,-1.9764403398065302,-0.35074040595266853 | 6,-1.303919531930756,0.9179904226765747
1786177712.940 -1.755655182076957 -1.9573909034332435 :: 1,-1.755655182076957,-1.9573909034332435 | 5,-1.9764403398065302,-0.35074040595266853 | 6,-1.427151370549673,0.8944587752431394
1786177712.916 -1.755655182076957 -1.9573909034332435 :: 1,-1.755655182076957,-1.9573909034332435 | 5,-1.9764403398065302,-0.35074040595266853 | 6,-1.427151370549673,0.8944587752431394
1786177713.052 -1.755655182076957 -1.9573909034332435 :: 1,-1.755655182076957,-1.9573909034332435 | 5,-1.9764403398065302,-0.35074040595266853 | 6,-1.427151370549673,0.8944587752431394
1786177713.139 -1.755655182076957 -1.9573909034332435 :: 1,-1.755655182076957,-1.9573909034332435 | 5,-1.9764403398065302,-0.35074040595266853 | 6,-1.427151370549673,0.8944587752431394
1786177713.174 -1.755655182076957 -1.9573909034332435 :: 1,-1.755655182076957,-1.9573909034332435 | 5,-1.9764403398065302,-0.35074040595266853 | 6,-1.427151370549673,0.8944587752431394
1786177713.310 -1.8976392744740023 -1.952292644101666 :: 1,-1.8976392744740023,-1.952292644101666 | 5,-1.9764403398065302,-0.35074040595266853 | 6,-1.427151370549673,0.8944587752431394
1786177713.339 -1.8976392744740023 -1.952292644101666 :: 1,-1.8976392744740023,-1.952292644101666 | 5,-1.9764403398065302,-0.35074040595266853 | 6,-1.0305455392195122,0.2512831337527446
1786177713.433 -1.8976392744740023 -1.952292644101666 :: 1,-1.8976392744740023,-1.952292644101666 | 5,-1.9764403398065302,-0.35074040595266853 | 6,-1.0305455392195122,0.2512831337527446
1786177713.539 -1.8976392744740023 -1.952292644101666 :: 1,-1.8976392744740023,-1.952292644101666 | 5,-1.9764403398065302,-0.35074040595266853 | 6,-1.0286036967470054,0.2626557083398585
1786177713.556 -1.8976392744740023 -1.952292644101666 :: 1,-1.8976392744740023,-1.952292644101666 | 5,-1.9764403398065302,-0.35074040595266853 | 6,-1.0286036967470054,0.2626557083398585
1786177713.690 -1.8976392744740023 -1.952292644101666 :: 1,-1.8976392744740023,-1.952292644101666 | 5,-1.9764403398065302,-0.35074040595266853 | 6,-1.0286036967470054,0.2626557083398585
1786177713.739 -1.8976392744740023 -1.952292644101666 :: 1,-1.8976392744740023,-1.952292644101666 | 5,-1.9764403398065302,-0.35074040595266853 | 6,-1.0480815033144897,0.19937558918711606
1786177713.814 -1.8976392744740023 -1.952292644101666 :: 1,-1.8976392744740023,-1.952292644101666 | 5,-1.9764403398065302,-0.35074040595266853 | 6,-1.0480815033144897,0.19937558918711606
1786177713.939 -1.8976392744740023 -1.952292644101666 :: 1,-1.8976392744740023,-1.952292644101666 | 5,-1.9764403398065302,-0.35074040595266853 | 6,-1.0492300882539145,0.19519770340485293
1786177713.949 -1.8976392744740023 -1.952292644101666 :: 1,-1.8976392744740023,-1.952292644101666 | 5,-1.9764403398065302,-0.35074040595266853 | 6,-1.0492300882539145,0.19519770340485293
1786177714.072 -2.25494858766729 -1.4437370972929635 :: 1,-2.25494858766729,-1.4437370972929635 | 5,-1.9764403398065302,-0.35074040595266853 | 6,-1.0492300882539145,0.19519770340485293
1786177714.139 -2.25494858766729 -1.4437370972929635 :: 1,-2.25494858766729,-1.4437370972929635 | 5,-1.9764403398065302,-0.35074040595266853 | 6,-1.034504998767698,-0.0177763138839592
1786177714.207 -2.2592172220830298 -1.4641890242831959 :: 1,-2.2592172220830298,-1.4641890242831959 | 5,-1.9764403398065302,-0.35074040595266853 | 6,-1.034504998767698,-0.0177763138839592
1786177714.339 -2.2592172220830298 -1.4641890242831959 :: 1,-2.2592172220830298,-1.4641890242831959 | 6,-1.034504998767698,-0.0177763138839592
1786177714.329 -2.2537656938443913 -1.4698774083482002 :: 1,-2.2537656938443913,-1.4698774083482002 | 6,-1.034504998767698,-0.0177763138839592
1786177714.465 -2.2537656938443913 -1.4698774083482002 :: 1,-2.2537656938443913,-1.4698774083482002 | 6,-1.034504998767698,-0.0177763138839592
1786177714.539 -2.2537656938443913 -1.4698774083482002 :: 1,-2.2537656938443913,-1.4698774083482002 | 6,-1.034504998767698,-0.0177763138839592
1786177714.587 -2.2584574784188827 -1.4816597974531902 :: 1,-2.2584574784188827,-1.4816597974531902 | 6,-1.034504998767698,-0.0177763138839592
1786177714.739 -2.2584574784188827 -1.4816597974531902 :: 1,-2.2584574784188827,-1.4816597974531902 | 6,-1.034504998767698,-0.0177763138839592
1786177714.722 -2.2584574784188827 -1.4816597974531902 :: 1,-2.2584574784188827,-1.4816597974531902 | 6,-1.034504998767698,-0.0177763138839592
1786177714.845 -2.2584574784188827 -1.4816597974531902 :: 1,-2.2584574784188827,-1.4816597974531902 | 6,-1.034504998767698,-0.0177763138839592
1786177714.939 -2.2584574784188827 -1.4816597974531902 :: 1,-2.2584574784188827,-1.4816597974531902 | 6,-1.034504998767698,-0.0177763138839592
1786177714.968 -2.2584574784188827 -1.4816597974531902 :: 1,-2.2584574784188827,-1.4816597974531902 | 6,-1.034504998767698,-0.0177763138839592
1786177715.139 -2.2584574784188827 -1.4816597974531902 :: 1,-2.2584574784188827,-1.4816597974531902 | 6,-1.034504998767698,-0.0177763138839592
1786177715.103 -2.2584574784188827 -1.4816597974531902 :: 1,-2.2584574784188827,-1.4816597974531902 | 6,-1.034504998767698,-0.0177763138839592
1786177715.226 -2.2584574784188827 -1.4816597974531902 :: 1,-2.2584574784188827,-1.4816597974531902 | 6,-1.034504998767698,-0.0177763138839592
1786177715.339 -2.2584574784188827 -1.4816597974531902 :: 1,-2.2584574784188827,-1.4816597974531902 | 6,-1.034504998767698,-0.0177763138839592
1786177715.361 -2.2584574784188827 -1.4816597974531902 :: 1,-2.2584574784188827,-1.4816597974531902 | 6,-1.034504998767698,-0.0177763138839592
1786177715.483 -2.2584574784188827 -1.4816597974531902 :: 1,-2.2584574784188827,-1.4816597974531902 | 6,-1.034504998767698,-0.0177763138839592
1786177715.539 -2.2584574784188827 -1.4816597974531902 :: 1,-2.2584574784188827,-1.4816597974531902 | 6,-1.034504998767698,-0.0177763138839592
1786177715.739 -2.2584574784188827 -1.4816597974531902 :: 1,-2.2584574784188827,-1.4816597974531902 | 6,-1.034504998767698,-0.0177763138839592
1786177715.939 -2.2584574784188827 -1.4816597974531902 :: 1,-2.2584574784188827,-1.4816597974531902 | 6,-1.034504998767698,-0.0177763138839592
1786177716.139 -2.2584574784188827 -1.4816597974531902 :: 1,-2.2584574784188827,-1.4816597974531902 | 6,-1.034504998767698,-0.0177763138839592
1786177716.339 -2.2584574784188827 -1.4816597974531902 :: 1,-2.2584574784188827,-1.4816597974531902 | 6,-1.034504998767698,-0.0177763138839592
1786177716.539 -2.2584574784188827 -1.4816597974531902 :: 1,-2.2584574784188827,-1.4816597974531902 | 6,-1.034504998767698,-0.0177763138839592
1786177716.739 -2.2584574784188827 -1.4816597974531902 :: 1,-2.2584574784188827,-1.4816597974531902 | 6,-1.034504998767698,-0.0177763138839592
1786177716.939 -2.2584574784188827 -1.4816597974531902 :: 1,-2.2584574784188827,-1.4816597974531902 | 6,-1.034504998767698,-0.0177763138839592
1786177717.139 -2.0540051936784276 -1.0563705704272723 :: 1,-2.0540051936784276,-1.0563705704272723 | 6,-1.034504998767698,-0.0177763138839592
1786177717.339 -1.9211566159391078 -0.6359450242085625 :: 1,-1.9211566159391078,-0.6359450242085625
1786177717.539 -1.7920771125196848 -0.5240290658340663 :: 1,-1.7920771125196848,-0.5240290658340663
1786177717.739 -1.8386973722791458 -0.26115823597516324 :: 1,-1.8386973722791458,-0.26115823597516324
1786177717.939 -1.7463370121401414 -0.21208485067553007 :: 1,-1.7463370121401414,-0.21208485067553007
1786177718.139 -1.7742472721062315 -0.20681204084128496 :: 1,-1.7742472721062315,-0.20681204084128496
1786177718.339 -1.8164446706023627 -0.3254777678360389 :: 1,-1.8164446706023627,-0.3254777678360389
1786177718.539 -1.8595909728190985 -0.43557910282797074 :: 1,-1.8595909728190985,-0.43557910282797074
1786177718.739 -1.8941377471867809 -0.45925590348290607 :: 1,-1.8941377471867809,-0.45925590348290607
1786177718.939 -1.8508919029505073 -0.795990294120339 :: 1,-1.8508919029505073,-0.795990294120339
1786177719.139 -1.9749981363305213 -0.8420154871959644 :: 1,-1.9749981363305213,-0.8420154871959644
1786177719.339 -1.9749981363305213 -0.8420154871959644 :: 1,-1.9749981363305213,-0.8420154871959644
1786177719.464 -1.6092751038065292 -0.6809040921944854 :: 1,-1.6092751038065292,-0.6809040921944854
1786177719.539 -1.6092751038065292 -0.6809040921944854 :: 1,-1.6092751038065292,-0.6809040921944854
1786177719.598 -1.3945077519746032 -0.7726436901049694 :: 1,-1.3945077519746032,-0.7726436901049694
1786177719.739 -1.3945077519746032 -0.7726436901049694 :: 1,-1.3945077519746032,-0.7726436901049694 | 7,-3.119769608437614,-1.2709909209991908
1786177719.721 -1.4013135458612862 -0.796058452021091 :: 1,-1.4013135458612862,-0.796058452021091 | 7,-3.119769608437614,-1.2709909209991908
1786177719.857 -1.4455520408033866 -1.0398078281919112 :: 1,-1.4455520408033866,-1.0398078281919112 | 7,-3.119769608437614,-1.2709909209991908
1786177719.939 -1.4455520408033866 -1.0398078281919112 :: 1,-1.4455520408033866,-1.0398078281919112 | 7,-2.9679130063538492,-1.2154905955902147
1786177719.979 -1.4455520408033866 -1.0398078281919112 :: 1,-1.4455520408033866,-1.0398078281919112 | 7,-2.9679130063538492,-1.2154905955902147
1786177720.139 -1.4455520408033866 -1.0398078281919112 :: 1,-1.4455520408033866,-1.0398078281919112 | 7,-2.9679130063538492,-1.2154905955902147
1786177720.114 -1.3519883052804484 -1.2356160086975443 :: 1,-1.3519883052804484,-1.2356160086975443 | 7,-2.9679130063538492,-1.2154905955902147
1786177720.237 -1.4522546074936828 -1.2517378207157264 :: 1,-1.4522546074936828,-1.2517378207157264 | 7,-2.9679130063538492,-1.2154905955902147
1786177720.339 -1.4522546074936828 -1.2517378207157264 :: 1,-1.4522546074936828,-1.2517378207157264 | 7,-3.1201308075173766,-1.2726070728602776
1786177720.373 -1.4522546074936828 -1.2517378207157264 :: 1,-1.4522546074936828,-1.2517378207157264 | 7,-3.1201308075173766,-1.2726070728602776
1786177720.538 -1.4522546074936828 -1.2517378207157264 :: 1,-1.4522546074936828,-1.2517378207157264 | 7,-3.1201308075173766,-1.2726070728602776
1786177720.494 -1.4522546074936828 -1.2517378207157264 :: 1,-1.4522546074936828,-1.2517378207157264 | 7,-3.1201308075173766,-1.2726070728602776
1786177720.617 -1.4522546074936828 -1.2517378207157264 :: 1,-1.4522546074936828,-1.2517378207157264 | 7,-3.1201308075173766,-1.2726070728602776
1786177720.738 -1.4522546074936828 -1.2517378207157264 :: 1,-1.4522546074936828,-1.2517378207157264 | 7,-3.1201308075173766,-1.2726070728602776
1786177720.753 -1.4522546074936828 -1.2517378207157264 :: 1,-1.4522546074936828,-1.2517378207157264 | 7,-3.1201308075173766,-1.2726070728602776
1786177720.876 -1.4522546074936828 -1.2517378207157264 :: 1,-1.4522546074936828,-1.2517378207157264 | 7,-3.1201308075173766,-1.2726070728602776
1786177720.938 -1.4522546074936828 -1.2517378207157264 :: 1,-1.4522546074936828,-1.2517378207157264 | 7,-3.1201308075173766,-1.2726070728602776
1786177721.011 -1.4522546074936828 -1.2517378207157264 :: 1,-1.4522546074936828,-1.2517378207157264 | 7,-3.1201308075173766,-1.2726070728602776
1786177721.138 -1.4522546074936828 -1.2517378207157264 :: 1,-1.4522546074936828,-1.2517378207157264 | 7,-3.1201308075173766,-1.2726070728602776
1786177721.134 -1.4522546074936828 -1.2517378207157264 :: 1,-1.4522546074936828,-1.2517378207157264 | 7,-3.1201308075173766,-1.2726070728602776
1786177721.338 -1.4522546074936828 -1.2517378207157264 :: 1,-1.4522546074936828,-1.2517378207157264 | 7,-3.1201308075173766,-1.2726070728602776
1786177721.538 -1.4522546074936828 -1.2517378207157264 :: 1,-1.4522546074936828,-1.2517378207157264 | 7,-3.1201308075173766,-1.2726070728602776
1786177721.738 -1.4522546074936828 -1.2517378207157264 :: 1,-1.4522546074936828,-1.2517378207157264 | 7,-3.1201308075173766,-1.2726070728602776
1786177721.938 -1.4522546074936828 -1.2517378207157264 :: 1,-1.4522546074936828,-1.2517378207157264 | 7,-3.1201308075173766,-1.2726070728602776
1786177722.138 -1.4522546074936828 -1.2517378207157264 :: 1,-1.4522546074936828,-1.2517378207157264 | 7,-3.1198496357459606,-1.2700392601255972
1786177722.338 -1.4522546074936828 -1.2517378207157264 :: 1,-1.4522546074936828,-1.2517378207157264 | 7,-3.1198496357459606,-1.2700392601255972
1786177722.538 -1.4522546074936828 -1.2517378207157264 :: 1,-1.4522546074936828,-1.2517378207157264 | 7,-3.1198496357459606,-1.2700392601255972
1786177722.738 -1.4522546074936828 -1.2517378207157264 :: 1,-1.4522546074936828,-1.2517378207157264 | 7,-3.1198496357459606,-1.2700392601255972
1786177722.938 -1.4522546074936828 -1.2517378207157264 :: 1,-1.4522546074936828,-1.2517378207157264 | 7,-3.1198496357459606,-1.2700392601255972
1786177723.138 -1.4522546074936828 -1.2517378207157264 :: 1,-1.4522546074936828,-1.2517378207157264 | 7,-3.9176634367366603,-1.5601977865339607
