1786177695.542 -1.7685460020198165 -0.5766987966970022 :: 1,-1.7685460020198165,-0.5766987966970022
1786177695.742 -1.8031595877334583 -0.43293692957143465 :: 1,-1.8031595877334583,-0.43293692957143465
1786177695.942 -1.8969760505934012 -0.24153279498517408 :: 1,-1.8969760505934012,-0.24153279498517408
1786177696.342 -1.8368871861962053 0.21173414801047133 :: 1,-1.8368871861962053,0.21173414801047133
1786177696.542 -1.886600455451344 0.33086000951394023 :: 1,-1.886600455451344,0.33086000951394023
1786177696.742 -2.092777178582109 0.4570736407833482 :: 1,-2.092777178582109,0.4570736407833482
1786177696.942 -2.0879280068472923 0.5015581479740061 :: 1,-2.0879280068472923,0.5015581479740061
1786177697.142 -2.092668165475009 0.4632066343956829 :: 1,-2.092668165475009,0.4632066343956829
1786177697.342 -2.092179895518737 0.4678318606995645 :: 1,-2.092179895518737,0.4678318606995645
1786177697.542 -2.092776737758896 0.4584009357749912 :: 1,-2.092776737758896,0.4584009357749912
1786177697.742 -2.0154555665840244 0.44252593594810175 :: 1,-2.0154555665840244,0.44252593594810175
1786177697.942 -2.0129643297918682 0.4605464368611967 :: 1,-2.0129643297918682,0.4605464368611967
1786177698.142 -2.0141322300544076 0.4507634254436027 :: 1,-2.0141322300544076,0.4507634254436027
1786177698.342 -1.940119269470724 0.4472923959679198 :: 1,-1.940119269470724,0.4472923959679198
1786177698.542 -2.0100326654309875 0.4818830522895514 :: 1,-2.0100326654309875,0.4818830522895514
1786177698.741 -2.0081562411731584 0.4974170632245031 :: 1,-2.0081562411731584,0.4974170632245031
1786177698.941 -2.009794206415267 0.4879206385384005 :: 1,-2.009794206415267,0.4879206385384005
1786177699.141 -2.008242690846689 0.5008651482636729 :: 1,-2.008242690846689,0.5008651482636729
1786177699.341 -1.9465087284037046 0.4004644574193843 :: 1,-1.9465087284037046,0.4004644574193843
1786177699.541 -1.9465087284037046 0.4004644574193843 :: 1,-1.9465087284037046,0.4004644574193843 | 2,-0.8817176496979582,0.04036532282771249
1786177699.741 -1.9465087284037046 0.4004644574193843 :: 1,-1.9465087284037046,0.4004644574193843 | 2,-0.8817176496979582,0.04036532282771249
1786177699.941 -1.9465087284037046 0.4004644574193843 :: 1,-1.9465087284037046,0.4004644574193843 | 2,-1.072429236584488,0.016146818679083283
1786177700.141 -1.9465087284037046 0.4004644574193843 :: 1,-1.9465087284037046,0.4004644574193843 | 2,-1.9389696607601326,-0.06391236345572088
1786177700.341 -1.9465087284037046 0.4004644574193843 :: 1,-1.9465087284037046,0.4004644574193843 | 2,-1.8386731110144667,-0.2713183486394761
1786177700.541 -1.9465087284037046 0.4004644574193843 :: 1,-1.9465087284037046,0.4004644574193843 | 2,-2.133996363583932,-0.4576165728131044
1786177700.741 -1.9465087284037046 0.4004644574193843 :: 1,-1.9465087284037046,0.4004644574193843 | 2,-1.667217830941892,-0.5653369885943972
1786177700.941 -1.9465087284037046 0.4004644574193843 :: 1,-1.9465087284037046,0.4004644574193843 | 2,-1.648461737538285,-0.6009260841779954
1786177701.141 -1.9465087284037046 0.4004644574193843 :: 1,-1.9465087284037046,0.4004644574193843 | 2,-1.6727991549836652,-0.6146664492366387
1786177701.341 -1.7165823090549162 1.1076476764485872 :: 1,-1.7165823090549162,1.1076476764485872 | 2,-1.6727991549836652,-0.6146664492366387
1786177701.541 -1.7616753114037775 1.283073292941783 :: 1,-1.7616753114037775,1.283073292941783 | 2,-1.6727991549836652,-0.6146664492366387
1786177701.741 -1.7616753114037775 1.283073292941783 :: 1,-1.7616753114037775,1.283073292941783 | 2,-1.6727991549836652,-0.6146664492366387 | 3,-1.558795001288772,1.0225319759334852
1786177701.941 -1.7616753114037775 1.283073292941783 :: 1,-1.7616753114037775,1.283073292941783 | 2,-1.6727991549836652,-0.6146664492366387 | 3,-1.6775973895186793,0.9591950328603406
1786177702.141 -1.7616753114037775 1.283073292941783 :: 1,-1.7616753114037775,1.283073292941783 | 2,-1.6727991549836652,-0.6146664492366387 | 3,-1.868015250870819,1.0045906005410619
1786177702.341 -1.7616753114037775 1.283073292941783 :: 1,-1.7616753114037775,1.283073292941783 | 2,-1.6727991549836652,-0.6146664492366387 | 3,-1.715286534729362,0.670920291703037
1786177702.541 -1.7616753114037775 1.283073292941783 :: 1,-1.7616753114037775,1.283073292941783 | 2,-1.6727991549836652,-0.6146664492366387 | 3,-1.7022419207393469,0.3363744191382945
1786177702.741 -1.7616753114037775 1.283073292941783 :: 1,-1.7616753114037775,1.283073292941783 | 2,-1.6727991549836652,-0.6146664492366387 | 3,-1.7308308857312362,0.11438946183527682
1786177702.941 -1.7616753114037775 1.283073292941783 :: 1,-1.7616753114037775,1.283073292941783 | 2,-1.6727991549836652,-0.6146664492366387 | 3,-1.7588053409320323,-0.09255799340606699
1786177703.141 -1.7616753114037775 1.283073292941783 :: 1,-1.7616753114037775,1.283073292941783 | 2,-1.6727991549836652,-0.6146664492366387 | 3,-1.0199598609523064,-0.5014392133412829
1786177703.341 -1.7616753114037775 1.283073292941783 :: 1,-1.7616753114037775,1.283073292941783 | 2,-1.6727991549836652,-0.6146664492366387 | 3,-1.055345042030745,-0.48906630230143017
1786177703.541 -1.7616753114037775 1.283073292941783 :: 1,-1.7616753114037775,1.283073292941783 | 2,-1.6727991549836652,-0.6146664492366387 | 3,-0.8758685316740917,-0.3708820152434627
1786177703.741 -1.7616753114037775 1.283073292941783 :: 1,-1.7616753114037775,1.283073292941783 | 2,-1.6727991549836652,-0.6146664492366387 | 3,-0.8633008884494611,-0.04657841392320533
1786177703.941 -1.7616753114037775 1.283073292941783 :: 1,-1.7616753114037775,1.283073292941783 | 2,-1.6727991549836652,-0.6146664492366387 | 3,-0.9485567443564025,0.043906516063069057
1786177704.141 -1.7616753114037775 1.283073292941783 :: 1,-1.7616753114037775,1.283073292941783 | 2,-1.6727991549836652,-0.6146664492366387 | 3,-0.8415124668414602,0.34158114728497907
1786177704.341 -1.7616753114037775 1.283073292941783 :: 1,-1.7616753114037775,1.283073292941783 | 3,-0.885085232148874,0.3831137160331623
1786177704.541 -1.7616753114037775 1.283073292941783 :: 1,-1.7616753114037775,1.283073292941783 | 3,-0.8726057931918865,0.3598041337489002
1786177704.741 -1.014247875780511 0.4631387343990114 :: 3,-1.014247875780511,0.4631387343990114
1786177704.941 -1.3834528175657483 0.607805776566086 :: 3,-1.3834528175657483,0.607805776566086
1786177705.141 -1.4291220579701314 0.5727615267283401 :: 3,-1.4291220579701314,0.5727615267283401
1786177705.341 -1.427054621216023 0.5977555633790568 :: 3,-1.427054621216023,0.5977555633790568
1786177705.541 -1.7229945345982067 0.6117064628147713 :: 3,-1.7229945345982067,0.6117064628147713
1786177705.740 -1.9387921513302708 0.46545442661207076 :: 3,-1.9387921513302708,0.46545442661207076
1786177705.940 -1.8145958391937587 0.38172989843629046 :: 3,-1.8145958391937587,0.38172989843629046
1786177706.140 -2.0197276551477743 0.42304896041298995 :: 3,-2.0197276551477743,0.42304896041298995
1786177706.340 -1.9367668557409408 -0.04704604762502168 :: 3,-1.9367668557409408,-0.04704604762502168
1786177706.540 -1.9113094786698095 -0.3530489699799173 :: 3,-1.9113094786698095,-0.3530489699799173
1786177706.740 -1.9283080771268275 -0.4757458834228036 :: 3,-1.9283080771268275,-0.4757458834228036
1786177706.940 -2.0545362382130072 -0.9582459035289135 :: 3,-2.0545362382130072,-0.9582459035289135
1786177707.140 -2.2188749211827257 -1.116451772693679 :: 3,-2.2188749211827257,-1.116451772693679
1786177707.340 -2.216066362201731 -1.0726873896227862 :: 3,-2.216066362201731,-1.0726873896227862
1786177707.540 -2.216066362201731 -1.0726873896227862 :: 3,-2.216066362201731,-1.0726873896227862
1786177707.740 -2.216066362201731 -1.0726873896227862 :: 3,-2.216066362201731,-1.0726873896227862
1786177707.940 -2.216066362201731 -1.0726873896227862 :: 3,-2.216066362201731,-1.0726873896227862
1786177708.140 -2.216066362201731 -1.0726873896227862 :: 3,-2.216066362201731,-1.0726873896227862
1786177708.340 -2.216066362201731 -1.0726873896227862 :: 3,-2.216066362201731,-1.0726873896227862
1786177708.540 -2.216066362201731 -1.0726873896227862 :: 3,-2.216066362201731,-1.0726873896227862
1786177708.740 -2.216066362201731 -1.0726873896227862 :: 3,-2.216066362201731,-1.0726873896227862
1786177708.940 -2.216066362201731 -1.0726873896227862 :: 3,-2.216066362201731,-1.0726873896227862
1786177709.140 -2.216066362201731 -1.0726873896227862 :: 3,-2.216066362201731,-1.0726873896227862
1786177709.340 -2.216066362201731 -1.0726873896227862 :: 3,-2.216066362201731,-1.0726873896227862
1786177709.540 -2.216066362201731 -1.0726873896227862 :: 3,-2.216066362201731,-1.0726873896227862
1786177709.740 -2.216066362201731 -1.0726873896227862 :: 3,-2.216066362201731,-1.0726873896227862
1786177709.940 -2.216066362201731 -1.0726873896227862 :: 3,-2.216066362201731,-1.0726873896227862
1786177710.140 -2.216066362201731 -1.0726873896227862 :: 3,-2.216066362201731,-1.0726873896227862
1786177710.340 -2.216066362201731 -1.0726873896227862 :: 3,-2.216066362201731,-1.0726873896227862
1786177710.740 -1.982708020433789 -0.40176292851469964 :: 4,-1.982708020433789,-0.40176292851469964
1786177710.940 -1.8648588240546287 -0.4657974641830346 :: 4,-1.8648588240546287,-0.4657974641830346
1786177711.140 -1.9099424819741626 -0.34281591556916513 :: 4,-1.9099424819741626,-0.34281591556916513
1786177711.340 -1.9099424819741626 -0.34281591556916513 :: 4,-1.9099424819741626,-0.34281591556916513 | 5,-1.847237437001633,0.13860505769782475
1786177711.540 -1.9099424819741626 -0.34281591556916513 :: 4,-1.9099424819741626,-0.34281591556916513 | 5,-1.8899407274522733,0.322016681482747
1786177711.740 -1.9099424819741626 -0.34281591556916513 :: 4,-1.9099424819741626,-0.34281591556916513 | 5,-1.7781149442668587,0.6655204749066927
1786177711.940 -1.9099424819741626 -0.34281591556916513 :: 4,-1.9099424819741626,-0.34281591556916513 | 5,-1.7462167493569356,0.9027696649662742
1786177712.140 -1.9099424819741626 -0.34281591556916513 :: 4,-1.9099424819741626,-0.34281591556916513 | 5,-1.6643970886069617,1.0629025858494
1786177712.340 -1.9099424819741626 -0.34281591556916513 :: 4,-1.9099424819741626,-0.34281591556916513 | 5,-1.5973671150825461,1.1245910637814849
1786177712.540 -1.9099424819741626 -0.34281591556916513 :: 4,-1.9099424819741626,-0.34281591556916513 | 5,-1.6076744032360237,1.0493244701360402
1786177712.740 -1.9099424819741626 -0.34281591556916513 :: 4,-1.9099424819741626,-0.34281591556916513 | 5,-1.6076744032360237,1.0493244701360402
1786177712.940 -1.9099424819741626 -0.34281591556916513 :: 4,-1.9099424819741626,-0.34281591556916513 | 5,-1.427151370549673,0.8944587752431394
1786177713.139 -1.9099424819741626 -0.34281591556916513 :: 4,-1.9099424819741626,-0.34281591556916513 | 5,-1.427151370549673,0.8944587752431394
1786177713.339 -1.9099424819741626 -0.34281591556916513 :: 4,-1.9099424819741626,-0.34281591556916513 | 5,-1.04067713040395,0.25456085234456194
1786177713.539 -1.9099424819741626 -0.34281591556916513 :: 4,-1.9099424819741626,-0.34281591556916513 | 5,-1.0387174884151087,0.26603767139537265
1786177713.739 -1.9099424819741626 -0.34281591556916513 :: 4,-1.9099424819741626,-0.34281591556916513 | 5,-1.0387174884151087,0.26603767139537265
1786177713.939 -1.9099424819741626 -0.34281591556916513 :: 4,-1.9099424819741626,-0.34281591556916513 | 5,-1.0492300882539145,0.19519770340485293
1786177714.139 -1.9099424819741626 -0.34281591556916513 :: 4,-1.9099424819741626,-0.34281591556916513 | 5,-1.0492300882539145,0.19519770340485293
1786177714.339 -1.0492300882539145 0.19519770340485293 :: 5,-1.0492300882539145,0.19519770340485293
1786177714.539 -1.0492300882539145 0.19519770340485293 :: 5,-1.0492300882539145,0.19519770340485293
1786177714.739 -1.0492300882539145 0.19519770340485293 :: 5,-1.0492300882539145,0.19519770340485293
1786177714.939 -1.0492300882539145 0.19519770340485293 :: 5,-1.0492300882539145,0.19519770340485293
1786177715.139 -1.0492300882539145 0.19519770340485293 :: 5,-1.0492300882539145,0.19519770340485293 | 6,-3.1194289301495344,-1.2669913490852478
1786177715.339 -1.0492300882539145 0.19519770340485293 :: 5,-1.0492300882539145,0.19519770340485293 | 6,-3.1198999130136946,-1.2704651738319097
1786177715.539 -1.0492300882539145 0.19519770340485293 :: 5,-1.0492300882539145,0.19519770340485293 | 6,-3.1198999130136946,-1.2704651738319097
1786177715.739 -1.0492300882539145 0.19519770340485293 :: 5,-1.0492300882539145,0.19519770340485293 | 6,-3.1198999130136946,-1.2704651738319097
1786177715.939 -1.0492300882539145 0.19519770340485293 :: 5,-1.0492300882539145,0.19519770340485293 | 6,-3.1198999130136946,-1.2704651738319097
1786177716.139 -1.0492300882539145 0.19519770340485293 :: 5,-1.0492300882539145,0.19519770340485293 | 6,-3.1198999130136946,-1.2704651738319097
1786177716.339 -1.0492300882539145 0.19519770340485293 :: 5,-1.0492300882539145,0.19519770340485293 | 6,-3.1198999130136946,-1.2704651738319097
1786177716.539 -1.0492300882539145 0.19519770340485293 :: 5,-1.0492300882539145,0.19519770340485293 | 6,-3.1198999130136946,-1.2704651738319097
1786177716.739 -1.0492300882539145 0.19519770340485293 :: 5,-1.0492300882539145,0.19519770340485293 | 6,-3.1198999130136946,-1.2704651738319097
1786177716.939 -1.0492300882539145 0.19519770340485293 :: 5,-1.0492300882539145,0.19519770340485293 | 6,-3.1198999130136946,-1.2704651738319097
1786177717.139 -1.7473267665677452 -0.41843672988839525 :: 5,-1.7473267665677452,-0.41843672988839525 | 6,-3.1198999130136946,-1.2704651738319097
1786177717.339 -1.770432680252753 -0.5959483551686794 :: 5,-1.770432680252753,-0.5959483551686794 | 6,-3.1198999130136946,-1.2704651738319097
1786177717.539 -1.816470072351476 -0.5294872947309123 :: 5,-1.816470072351476,-0.5294872947309123 | 6,-3.1198999130136946,-1.2704651738319097
1786177717.739 -1.7786792165370082 -0.256300918115982 :: 5,-1.7786792165370082,-0.256300918115982 | 6,-3.1198999130136946,-1.2704651738319097
1786177717.939 -1.9588240148892746 -0.2244278479154521 :: 5,-1.9588240148892746,-0.2244278479154521 | 6,-3.1198999130136946,-1.2704651738319097
1786177718.139 -1.8918378257853123 -0.21320423129721766 :: 5,-1.8918378257853123,-0.21320423129721766 | 6,-3.1198999130136946,-1.2704651738319097
1786177718.339 -1.90791350054669 -0.3360783505546408 :: 5,-1.90791350054669,-0.3360783505546408 | 6,-3.1198999130136946,-1.2704651738319097
1786177718.539 -1.8009119501662194 -0.42559036387168303 :: 5,-1.8009119501662194,-0.42559036387168303
1786177718.739 -1.7492671404300262 -0.43328563089271643 :: 5,-1.7492671404300262,-0.43328563089271643
1786177718.939 -1.8508919029505073 -0.795990294120339 :: 5,-1.8508919029505073,-0.795990294120339
1786177719.139 -1.9749981363305213 -0.8420154871959644 :: 5,-1.9749981363305213,-0.8420154871959644
1786177719.339 -1.9749981363305213 -0.8420154871959644 :: 5,-1.9749981363305213,-0.8420154871959644
1786177719.539 -1.9749981363305213 -0.8420154871959644 :: 5,-1.9749981363305213,-0.8420154871959644
1786177719.739 -3.119769608437614 -1.2709909209991908 :: 5,-3.119769608437614,-1.2709909209991908
1786177719.939 -3.119769608437614 -1.2709909209991908 :: 5,-3.119769608437614,-1.2709909209991908 | 6,-2.9679130063538492,-1.2154905955902147
1786177720.139 -3.119769608437614 -1.2709909209991908 :: 5,-3.119769608437614,-1.2709909209991908 | 6,-2.9679130063538492,-1.2154905955902147
1786177720.339 -3.119769608437614 -1.2709909209991908 :: 5,-3.119769608437614,-1.2709909209991908 | 6,-3.1201308075173766,-1.2726070728602776
1786177720.538 -3.119769608437614 -1.2709909209991908 :: 5,-3.119769608437614,-1.2709909209991908 | 6,-3.1201308075173766,-1.2726070728602776
1786177720.738 -3.119769608437614 -1.2709909209991908 :: 5,-3.119769608437614,-1.2709909209991908 | 6,-3.1201308075173766,-1.2726070728602776
1786177720.938 -3.119769608437614 -1.2709909209991908 :: 5,-3.119769608437614,-1.2709909209991908 | 6,-3.1201308075173766,-1.2726070728602776
1786177721.138 -3.119769608437614 -1.2709909209991908 :: 5,-3.119769608437614,-1.2709909209991908 | 6,-3.1201308075173766,-1.2726070728602776
1786177721.338 -3.119769608437614 -1.2709909209991908 :: 5,-3.119769608437614,-1.2709909209991908 | 6,-3.1201308075173766,-1.2726070728602776
1786177721.538 -3.119769608437614 -1.2709909209991908 :: 5,-3.119769608437614,-1.2709909209991908 | 6,-3.1201308075173766,-1.2726070728602776
1786177721.738 -3.119769608437614 -1.2709909209991908 :: 5,-3.119769608437614,-1.2709909209991908 | 6,-3.1201308075173766,-1.2726070728602776
1786177721.938 -3.119769608437614 -1.2709909209991908 :: 5,-3.119769608437614,-1.2709909209991908 | 6,-3.1201308075173766,-1.2726070728602776
1786177722.138 -3.119769608437614 -1.2709909209991908 :: 5,-3.119769608437614,-1.2709909209991908 | 6,-3.1198496357459606,-1.2700392601255972
1786177722.338 -3.119769608437614 -1.2709909209991908 :: 5,-3.119769608437614,-1.2709909209991908 | 6,-3.1198496357459606,-1.2700392601255972
1786177722.538 -3.119769608437614 -1.2709909209991908 :: 5,-3.119769608437614,-1.2709909209991908 | 6,-3.1198496357459606,-1.2700392601255972
1786177722.738 -3.119769608437614 -1.2709909209991908 :: 5,-3.119769608437614,-1.2709909209991908 | 6,-3.1198496357459606,-1.2700392601255972
1786177722.938 -3.1198496357459606 -1.2700392601255972 :: 6,-3.1198496357459606,-1.2700392601255972
1786177723.138 -3.9176634367366603 -1.5601977865339607 :: 6,-3.9176634367366603,-1.5601977865339607
1786177723.338 -3.9176634367366603 -1.5601977865339607 :: 6,-3.9176634367366603,-1.5601977865339607
1786177723.538 -3.9176634367366603 -1.5601977865339607 :: 6,-3.9176634367366603,-1.5601977865339607
1786177723.738 -3.9176634367366603 -1.5601977865339607 :: 6,-3.9176634367366603,-1.5601977865339607
1786177723.938 -3.9176634367366603 -1.5601977865339607 :: 6,-3.9176634367366603,-1.5601977865339607
1786177724.138 -3.9176634367366603 -1.5601977865339607 :: 6,-3.9176634367366603,-1.5601977865339607
1786177724.338 -3.9176634367366603 -1.5601977865339607 :: 6,-3.9176634367366603,-1.5601977865339607
1786177724.538 -3.9176634367366603 -1.5601977865339607 :: 6,-3.9176634367366603,-1.5601977865339607
1786177724.738 -3.9176634367366603 -1.5601977865339607 :: 6,-3.9176634367366603,-1.5601977865339607
1786177724.938 -3.9176634367366603 -1.5601977865339607 :: 6,-3.9176634367366603,-1.5601977865339607
1786177725.138 -3.9176634367366603 -1.5601977865339607 :: 6,-3.9176634367366603,-1.5601977865339607
