1786177100.715 -1.8879076156205732 -1.214164075570579 :: 1,-1.8879076156205732,-1.214164075570579
1786177100.914 -1.710813075864478 -0.9465290787764907 :: 1,-1.710813075864478,-0.9465290787764907
1786177101.114 -1.7624865811264667 -0.7733691725695311 :: 1,-1.7624865811264667,-0.7733691725695311
1786177101.314 -1.7624865811264667 -0.7733691725695311 :: 1,-1.7624865811264667,-0.7733691725695311 | 2,-2.4410379544502776,-0.5891537621509884
1786177101.514 -1.7624865811264667 -0.7733691725695311 :: 1,-1.7624865811264667,-0.7733691725695311 | 2,-2.4375277244876665,-0.3990315953682582
1786177101.714 -1.7624865811264667 -0.7733691725695311 :: 1,-1.7624865811264667,-0.7733691725695311 | 2,-1.8690750880809583,-0.21193850342887532
1786177101.914 -1.7624865811264667 -0.7733691725695311 :: 1,-1.7624865811264667,-0.7733691725695311 | 2,-1.8612063653949098,0.1471733894303081
1786177102.114 -1.7624865811264667 -0.7733691725695311 :: 1,-1.7624865811264667,-0.7733691725695311 | 2,-2.0630888780908094,0.4193625861023947
1786177102.314 -1.7624865811264667 -0.7733691725695311 :: 1,-1.7624865811264667,-0.7733691725695311 | 2,-1.793627841249042,0.46086852617295176
1786177102.514 -1.7624865811264667 -0.7733691725695311 :: 1,-1.7624865811264667,-0.7733691725695311 | 2,-1.7879965147311825,0.7270063825114998
1786177102.714 -1.7624865811264667 -0.7733691725695311 :: 1,-1.7624865811264667,-0.7733691725695311 | 2,-1.73130042939935,0.6912757748101475
1786177102.914 -1.7624865811264667 -0.7733691725695311 :: 1,-1.7624865811264667,-0.7733691725695311 | 2,-1.679168912225452,0.6658510276549479
1786177103.114 -1.884473339374441 -0.9764446473465758 :: 1,-1.884473339374441,-0.9764446473465758 | 2,-1.6731935925846069,0.8593871109962692
1786177103.314 -1.9477687847197276 -0.8870575619552004 :: 1,-1.9477687847197276,-0.8870575619552004 | 2,-1.6731935925846069,0.8593871109962692
1786177103.514 -1.9449909901684286 -0.7557462535413715 :: 1,-1.9449909901684286,-0.7557462535413715 | 2,-1.6731935925846069,0.8593871109962692
1786177103.714 -2.443347279081599 -0.6796920691084818 :: 1,-2.443347279081599,-0.6796920691084818 | 2,-1.6731935925846069,0.8593871109962692
1786177103.914 -2.443149273219713 -0.6621288489572199 :: 1,-2.443149273219713,-0.6621288489572199 | 2,-1.6731935925846069,0.8593871109962692
1786177104.114 -2.4434582228107273 -0.6693219734115519 :: 1,-2.4434582228107273,-0.6693219734115519 | 2,-1.6731935925846069,0.8593871109962692
1786177104.314 -2.4435597861661824 -0.6801430845187502 :: 1,-2.4435597861661824,-0.6801430845187502 | 2,-1.6731935925846069,0.8593871109962692
1786177104.514 -2.443650122518696 -0.6860748119718978 :: 1,-2.443650122518696,-0.6860748119718978 | 2,-1.6731935925846069,0.8593871109962692
1786177104.714 -2.5526028662731144 -0.6954397655132627 :: 1,-2.5526028662731144,-0.6954397655132627 | 2,-1.6731935925846069,0.8593871109962692
1786177104.914 -2.44344092754258 -0.6819238755588435 :: 1,-2.44344092754258,-0.6819238755588435 | 2,-1.6731935925846069,0.8593871109962692
1786177105.114 -2.4435664795470484 -0.6844768746935128 :: 1,-2.4435664795470484,-0.6844768746935128 | 2,-1.6731935925846069,0.8593871109962692
1786177105.314 -2.4431793875875756 -0.6688016932756529 :: 1,-2.4431793875875756,-0.6688016932756529 | 2,-1.6731935925846069,0.8593871109962692
1786177105.514 -2.443190683627998 -0.6777283688786262 :: 1,-2.443190683627998,-0.6777283688786262 | 2,-1.6731935925846069,0.8593871109962692
1786177105.714 -2.4436158143575146 -0.6829578070454643 :: 1,-2.4436158143575146,-0.6829578070454643 | 2,-1.6731935925846069,0.8593871109962692
1786177105.914 -2.4434535898482457 -0.6820619837402342 :: 1,-2.4434535898482457,-0.6820619837402342 | 2,-1.6731935925846069,0.8593871109962692
1786177106.114 -2.4439273686022416 -0.6915057661082864 :: 1,-2.4439273686022416,-0.6915057661082864 | 2,-1.6731935925846069,0.8593871109962692
1786177106.314 -2.4454503922370137 -0.7676544882870744 :: 1,-2.4454503922370137,-0.7676544882870744
1786177106.514 -2.4448179468912072 -0.7653373260077352 :: 1,-2.4448179468912072,-0.7653373260077352
1786177106.714 -2.3451718076483554 -0.7898003284727955 :: 1,-2.3451718076483554,-0.7898003284727955
1786177106.914 -2.4470178467226624 -0.8458692490368225 :: 1,-2.4470178467226624,-0.8458692490368225
1786177107.114 -1.8786319962764604 -0.6816440818755132 :: 1,-1.8786319962764604,-0.6816440818755132
1786177107.314 -1.9380908318064554 -0.43582730679666143 :: 1,-1.9380908318064554,-0.43582730679666143
1786177107.514 -2.5399691932386075 -0.048470254365581666 :: 1,-2.5399691932386075,-0.048470254365581666
1786177107.714 -2.42492322611879 0.26102093384979314 :: 1,-2.42492322611879,0.26102093384979314
1786177107.914 -1.91988464587622 0.4578426579493608 :: 1,-1.91988464587622,0.4578426579493608
1786177108.113 -1.9199525576043113 0.45836421274789535 :: 1,-1.9199525576043113,0.45836421274789535
1786177108.313 -1.9199525576043113 0.45836421274789535 :: 1,-1.9199525576043113,0.45836421274789535 | 3,-0.802792328768223,0.2262355193278492
1786177108.513 -1.9199525576043113 0.45836421274789535 :: 1,-1.9199525576043113,0.45836421274789535 | 3,-0.753247884978202,0.2610437998376729
1786177108.713 -1.9199525576043113 0.45836421274789535 :: 1,-1.9199525576043113,0.45836421274789535 | 3,-0.753247884978202,0.2610437998376729
1786177108.913 -1.9199525576043113 0.45836421274789535 :: 1,-1.9199525576043113,0.45836421274789535 | 3,-0.7667667570515433,0.20537076257598025
1786177109.113 -2.4137613119811374 0.790127070767749 :: 1,-2.4137613119811374,0.790127070767749 | 3,-0.7667667570515433,0.20537076257598025
1786177109.313 -2.4137613119811374 0.790127070767749 :: 1,-2.4137613119811374,0.790127070767749 | 3,-1.5022998104936676,0.24984450408111597
1786177109.513 -2.4137613119811374 0.790127070767749 :: 1,-2.4137613119811374,0.790127070767749 | 3,-1.5027744328204968,0.23544295152378575
1786177109.713 -2.4137613119811374 0.790127070767749 :: 1,-2.4137613119811374,0.790127070767749 | 3,-2.539747215740432,-0.07500322530299419
1786177109.913 -2.4137613119811374 0.790127070767749 :: 1,-2.4137613119811374,0.790127070767749 | 3,-2.4396887147990167,-0.4942045979999183
1786177110.113 -2.4137613119811374 0.790127070767749 :: 1,-2.4137613119811374,0.790127070767749 | 3,-2.4358172449747113,-0.2960088100363917
1786177110.313 -2.4137613119811374 0.790127070767749 :: 1,-2.4137613119811374,0.790127070767749 | 3,-2.4344917721001265,-0.24414643099308994
1786177110.513 -2.4137613119811374 0.790127070767749 :: 1,-2.4137613119811374,0.790127070767749 | 3,-2.326633294505797,0.15007447908812757
1786177110.713 -2.4137613119811374 0.790127070767749 :: 1,-2.4137613119811374,0.790127070767749 | 3,-1.7949323917999795,0.41881455186880956 | 4,-1.8258308633804923,-1.125114891597436
1786177110.913 -2.4137613119811374 0.790127070767749 :: 1,-2.4137613119811374,0.790127070767749 | 3,-1.6825224296973178,0.5327989892662992 | 4,-1.8261966011737392,-1.11769109714488
1786177111.113 -2.4137613119811374 0.790127070767749 :: 1,-2.4137613119811374,0.790127070767749 | 3,-1.733549413676616,0.6297376015685092 | 4,-2.4513840296474814,-1.0413918576154502
1786177111.313 -2.4137613119811374 0.790127070767749 :: 1,-2.4137613119811374,0.790127070767749 | 3,-1.3824563346866414,0.4630703376649649 | 4,-1.8781481181819044,-0.6214206601456727
1786177111.513 -2.4137613119811374 0.790127070767749 :: 1,-2.4137613119811374,0.790127070767749 | 3,-1.3113078724509035,0.6250656987271734 | 4,-2.1566364153775766,-0.2446044397119797
1786177111.713 -2.4137613119811374 0.790127070767749 :: 1,-2.4137613119811374,0.790127070767749 | 3,-1.0278616602075092,0.3903683958385295 | 4,-2.420374914797813,0.4314521627255166
1786177111.913 -2.4137613119811374 0.790127070767749 :: 1,-2.4137613119811374,0.790127070767749 | 3,-1.0278616602075092,0.3903683958385295 | 4,-1.8610848519554923,0.16003362334761317
1786177112.113 -2.4137613119811374 0.790127070767749 :: 1,-2.4137613119811374,0.790127070767749 | 3,-0.969793674747361,0.45612931551247565 | 4,-1.8610848519554923,0.16003362334761317
1786177112.313 -2.4322838378817 -0.10884254254216041 :: 1,-2.4322838378817,-0.10884254254216041 | 3,-0.969793674747361,0.45612931551247565 | 4,-1.8610848519554923,0.16003362334761317
1786177112.513 -2.4322838378817 -0.10884254254216041 :: 1,-2.4322838378817,-0.10884254254216041 | 3,-0.9547931180938674,0.331984397929164 | 4,-1.0719929431046815,-0.6305525135146641
1786177112.713 -2.4322838378817 -0.10884254254216041 :: 1,-2.4322838378817,-0.10884254254216041 | 3,-0.9547931180938674,0.331984397929164 | 4,-1.1374116498246163,-0.42750035957832416
1786177112.913 -2.4322838378817 -0.10884254254216041 :: 1,-2.4322838378817,-0.10884254254216041 | 3,-0.9547931180938674,0.331984397929164 | 4,-1.1374116498246163,-0.42750035957832416
1786177113.113 -2.4322838378817 -0.10884254254216041 :: 1,-2.4322838378817,-0.10884254254216041 | 3,-0.759062996922284,-0.006649132056787077 | 4,-1.2461761341321544,-0.7313285667766547
1786177113.313 -2.4463597793182434 -0.8137776583654348 :: 1,-2.4463597793182434,-0.8137776583654348 | 3,-0.759062996922284,-0.006649132056787077 | 4,-1.2761017653469073,-0.7699528256124804
1786177113.513 -2.4463597793182434 -0.8137776583654348 :: 1,-2.4463597793182434,-0.8137776583654348 | 3,-0.759062996922284,-0.006649132056787077 | 4,-1.2761017653469073,-0.7699528256124804 | 5,-1.6486978658054785,-0.428337058115684 | 2,-1.9188633247319975,0.4719179483423071
1786177113.713 -2.4463597793182434 -0.8137776583654348 :: 1,-2.4463597793182434,-0.8137776583654348 | 3,-0.8057563017045295,-0.43851498594123556 | 4,-1.2761017653469073,-0.7699528256124804 | 5,-1.6486978658054785,-0.428337058115684 | 2,-1.9850383287908768,0.633800750071233
1786177113.913 -2.448124751251095 -0.9642916852151127 :: 1,-2.448124751251095,-0.9642916852151127 | 3,-0.8057563017045295,-0.43851498594123556 | 4,-1.2761017653469073,-0.7699528256124804 | 5,-1.6486978658054785,-0.428337058115684 | 2,-1.9850383287908768,0.633800750071233 | 6,-2.411383963250253,0.8858300009106392
1786177114.113 -2.448124751251095 -0.9642916852151127 :: 1,-2.448124751251095,-0.9642916852151127 | 3,-0.8057563017045295,-0.43851498594123556 | 4,-1.2761017653469073,-0.7699528256124804 | 5,-1.6486978658054785,-0.428337058115684 | 2,-1.852634222382748,0.5460949453848378 | 6,-2.411383963250253,0.8858300009106392
1786177114.313 -2.448124751251095 -0.9642916852151127 :: 1,-2.448124751251095,-0.9642916852151127 | 3,-0.8057563017045295,-0.43851498594123556 | 4,-1.338288602579178,-0.840793305200648 | 5,-2.0751477145134714,-0.1657925609040185 | 2,-1.852634222382748,0.5460949453848378 | 6,-1.7230811905776635,1.0079939339857702
1786177114.513 -2.448124751251095 -0.9642916852151127 :: 1,-2.448124751251095,-0.9642916852151127 | 3,-0.8057563017045295,-0.43851498594123556 | 4,-1.338288602579178,-0.840793305200648 | 5,-2.4300618240759233,-0.00988138618604184 | 2,-1.852634222382748,0.5460949453848378 | 6,-1.7230811905776635,1.0079939339857702
1786177114.713 -2.448124751251095 -0.9642916852151127 :: 1,-2.448124751251095,-0.9642916852151127 | 3,-0.8057563017045295,-0.43851498594123556 | 4,-1.338288602579178,-0.840793305200648 | 5,-1.9953568911377244,0.1168599422089521 | 2,-1.852634222382748,0.5460949453848378 | 6,-1.7230811905776635,1.0079939339857702
1786177114.913 -2.448124751251095 -0.9642916852151127 :: 1,-2.448124751251095,-0.9642916852151127 | 3,-0.8057563017045295,-0.43851498594123556 | 4,-1.338288602579178,-0.840793305200648 | 5,-1.771322071885034,0.12581594566384413 | 2,-1.852634222382748,0.5460949453848378 | 6,-1.7230811905776635,1.0079939339857702
1786177115.113 -2.448124751251095 -0.9642916852151127 :: 1,-2.448124751251095,-0.9642916852151127 | 3,-0.8057563017045295,-0.43851498594123556 | 4,-1.338288602579178,-0.840793305200648 | 5,-1.546375472112167,0.1342800728215055 | 2,-1.852634222382748,0.5460949453848378 | 6,-1.7230811905776635,1.0079939339857702
1786177115.313 -2.448124751251095 -0.9642916852151127 :: 1,-2.448124751251095,-0.9642916852151127 | 3,-0.8057563017045295,-0.43851498594123556 | 4,-1.338288602579178,-0.840793305200648 | 5,-1.2627845701951603,-0.09400499991871936 | 2,-1.852634222382748,0.5460949453848378 | 6,-1.7230811905776635,1.0079939339857702
1786177115.512 -2.448124751251095 -0.9642916852151127 :: 1,-2.448124751251095,-0.9642916852151127 | 3,-0.8057563017045295,-0.43851498594123556 | 4,-1.338288602579178,-0.840793305200648 | 5,-1.0580314606056636,0.10136293545865149 | 2,-1.852634222382748,0.5460949453848378 | 6,-1.7230811905776635,1.0079939339857702
1786177115.712 -2.448124751251095 -0.9642916852151127 :: 1,-2.448124751251095,-0.9642916852151127 | 3,-0.8057563017045295,-0.43851498594123556 | 4,-1.338288602579178,-0.840793305200648 | 5,-1.055832492488777,0.16862421045513842 | 2,-1.852634222382748,0.5460949453848378 | 6,-1.7230811905776635,1.0079939339857702
1786177115.912 -2.448124751251095 -0.9642916852151127 :: 1,-2.448124751251095,-0.9642916852151127 | 3,-0.8057563017045295,-0.43851498594123556 | 4,-1.338288602579178,-0.840793305200648 | 5,-1.055832492488777,0.16862421045513842 | 2,-1.856271866026914,0.4081041987162996 | 6,-1.7230811905776635,1.0079939339857702
1786177116.112 -2.448124751251095 -0.9642916852151127 :: 1,-2.448124751251095,-0.9642916852151127 | 3,-0.8057563017045295,-0.43851498594123556 | 4,-1.338288602579178,-0.840793305200648 | 5,-1.055832492488777,0.16862421045513842 | 2,-1.9169377927619755,0.6224296757810803 | 6,-1.7230811905776635,1.0079939339857702
1786177116.312 -2.448124751251095 -0.9642916852151127 :: 1,-2.448124751251095,-0.9642916852151127 | 3,-0.8057563017045295,-0.43851498594123556 | 4,-1.338288602579178,-0.840793305200648 | 5,-0.8354769645309621,0.04077291044626968 | 2,-1.9169377927619755,0.6224296757810803 | 6,-1.7230811905776635,1.0079939339857702
1786177116.512 -2.448124751251095 -0.9642916852151127 :: 1,-2.448124751251095,-0.9642916852151127 | 3,-0.8057563017045295,-0.43851498594123556 | 4,-1.338288602579178,-0.840793305200648 | 5,-0.8038407956325497,-0.3712325715448488 | 2,-1.9169377927619755,0.6224296757810803 | 6,-1.7230811905776635,1.0079939339857702
1786177116.712 -2.448124751251095 -0.9642916852151127 :: 1,-2.448124751251095,-0.9642916852151127 | 3,-0.8057563017045295,-0.43851498594123556 | 4,-1.338288602579178,-0.840793305200648 | 5,-1.1072237020739109,-0.23534248269453423 | 2,-1.9169377927619755,0.6224296757810803 | 6,-1.7230811905776635,1.0079939339857702
1786177116.912 -2.448124751251095 -0.9642916852151127 :: 1,-2.448124751251095,-0.9642916852151127 | 4,-1.338288602579178,-0.840793305200648 | 5,-1.1072237020739109,-0.23534248269453423 | 2,-2.4303620848594982,-0.12511846870846832 | 6,-1.7230811905776635,1.0079939339857702
1786177117.112 -1.338288602579178 -0.840793305200648 :: 4,-1.338288602579178,-0.840793305200648 | 5,-0.8325265718998227,-0.5299545389685841 | 2,-2.4303620848594982,-0.12511846870846832 | 6,-1.7230811905776635,1.0079939339857702
1786177117.312 -1.338288602579178 -0.840793305200648 :: 4,-1.338288602579178,-0.840793305200648 | 5,-1.189845080247852,-0.5729639013580629 | 2,-2.4303620848594982,-0.12511846870846832 | 6,-1.7230811905776635,1.0079939339857702
1786177117.512 -1.189845080247852 -0.5729639013580629 :: 5,-1.189845080247852,-0.5729639013580629 | 2,-2.540747765613874,-0.18023243209121798
1786177117.712 -1.189845080247852 -0.5729639013580629 :: 5,-1.189845080247852,-0.5729639013580629 | 2,-2.540747765613874,-0.18023243209121798 | 3,-1.1995989295642064,0.14188785482252458
1786177117.912 -1.189845080247852 -0.5729639013580629 :: 5,-1.189845080247852,-0.5729639013580629 | 2,-2.540747765613874,-0.18023243209121798 | 3,-1.1747423170317588,0.10152641178038044
1786177118.112 -1.189845080247852 -0.5729639013580629 :: 5,-1.189845080247852,-0.5729639013580629 | 2,-2.540747765613874,-0.18023243209121798 | 3,-1.226111602382526,0.23445514848568205
1786177118.312 -1.189845080247852 -0.5729639013580629 :: 5,-1.189845080247852,-0.5729639013580629 | 2,-2.540747765613874,-0.18023243209121798 | 3,-1.4535210656943602,0.6409256716535976
1786177118.512 -1.189845080247852 -0.5729639013580629 :: 5,-1.189845080247852,-0.5729639013580629 | 2,-2.540747765613874,-0.18023243209121798 | 3,-1.4535210656943602,0.6409256716535976
1786177118.712 -1.189845080247852 -0.5729639013580629 :: 5,-1.189845080247852,-0.5729639013580629 | 2,-2.540747765613874,-0.18023243209121798 | 3,-1.7258361947580372,0.8764044181893897
1786177118.912 -1.189845080247852 -0.5729639013580629 :: 5,-1.189845080247852,-0.5729639013580629 | 2,-2.540747765613874,-0.18023243209121798 | 3,-1.783692050356133,0.9378021805641485
1786177119.112 -1.189845080247852 -0.5729639013580629 :: 5,-1.189845080247852,-0.5729639013580629 | 2,-2.540747765613874,-0.18023243209121798 | 3,-1.5317983742270922,0.7639056142880474
1786177119.312 -1.189845080247852 -0.5729639013580629 :: 5,-1.189845080247852,-0.5729639013580629 | 2,-2.540747765613874,-0.18023243209121798 | 3,-1.6297975858372276,0.6025271617988037
1786177119.512 -1.189845080247852 -0.5729639013580629 :: 5,-1.189845080247852,-0.5729639013580629 | 2,-2.540747765613874,-0.18023243209121798 | 3,-1.6293136400163655,0.6447705413749134
1786177119.712 -1.189845080247852 -0.5729639013580629 :: 5,-1.189845080247852,-0.5729639013580629 | 2,-2.540747765613874,-0.18023243209121798 | 3,-1.5838584953742953,0.5002917226405548
1786177119.912 -1.189845080247852 -0.5729639013580629 :: 5,-1.189845080247852,-0.5729639013580629 | 2,-2.540747765613874,-0.18023243209121798 | 3,-2.420321466877141,0.4497491328549779
1786177120.112 -1.189845080247852 -0.5729639013580629 :: 5,-1.189845080247852,-0.5729639013580629 | 2,-2.540747765613874,-0.18023243209121798 | 3,-2.4220997631333594,0.3170563148379445
1786177120.312 -1.189845080247852 -0.5729639013580629 :: 5,-1.189845080247852,-0.5729639013580629 | 2,-1.1805141103966192,-0.137193472875199 | 3,-2.4220997631333594,0.3170563148379445
1786177120.512 -1.0827212036835039 -0.13334830533083863 :: 2,-1.0827212036835039,-0.13334830533083863 | 3,-2.4220997631333594,0.3170563148379445
1786177120.712 -1.0417826591355488 -0.17628933708037248 :: 2,-1.0417826591355488,-0.17628933708037248 | 3,-2.4220997631333594,0.3170563148379445
1786177120.912 -1.0021559130191187 -0.18795137090627456 :: 2,-1.0021559130191187,-0.18795137090627456 | 3,-2.4220997631333594,0.3170563148379445
1786177121.112 -0.9793009382107258 -0.02412353480288998 :: 2,-0.9793009382107258,-0.02412353480288998 | 3,-2.4220997631333594,0.3170563148379445
1786177121.312 -0.9793009382107258 -0.02412353480288998 :: 2,-0.9793009382107258,-0.02412353480288998 | 3,-2.4220997631333594,0.3170563148379445
1786177121.512 -0.9793009382107258 -0.02412353480288998 :: 2,-0.9793009382107258,-0.02412353480288998 | 3,-1.8186465694064198,-0.7515777801028866
1786177121.712 -0.9793009382107258 -0.02412353480288998 :: 2,-0.9793009382107258,-0.02412353480288998 | 3,-1.8186465694064198,-0.7515777801028866
1786177121.912 -0.9793009382107258 -0.02412353480288998 :: 2,-0.9793009382107258,-0.02412353480288998 | 3,-1.8186465694064198,-0.7515777801028866
1786177122.112 -0.9793009382107258 -0.02412353480288998 :: 2,-0.9793009382107258,-0.02412353480288998 | 3,-1.8186465694064198,-0.7515777801028866
1786177122.312 -0.9793009382107258 -0.02412353480288998 :: 2,-0.9793009382107258,-0.02412353480288998 | 3,-2.3053361375243817,-0.8779897045732605
1786177122.512 -1.2749411512025872 -0.6983872051601681 :: 2,-1.2749411512025872,-0.6983872051601681 | 3,-2.3053361375243817,-0.8779897045732605
1786177122.711 -1.2749411512025872 -0.6983872051601681 :: 2,-1.2749411512025872,-0.6983872051601681 | 3,-2.4429574827175373,-0.6550009094914797
1786177122.911 -1.2749411512025872 -0.6983872051601681 :: 2,-1.2749411512025872,-0.6983872051601681 | 3,-2.4350768033071803,-0.20625901226437926
1786177123.111 -1.715010551309464 -1.0311199996921836 :: 2,-1.715010551309464,-1.0311199996921836 | 3,-2.4350768033071803,-0.20625901226437926 | 7,-1.6364467748125988,0.2514018745821048
1786177123.311 -1.715010551309464 -1.0311199996921836 :: 2,-1.715010551309464,-1.0311199996921836 | 3,-2.4125954408887544,0.8033879729999314 | 7,-1.6364467748125988,0.2514018745821048 | 8,-1.522996234186045,-0.7754426942045034
1786177123.511 -1.715010551309464 -1.0311199996921836 :: 2,-1.715010551309464,-1.0311199996921836 | 3,-2.4125954408887544,0.8033879729999314 | 7,-1.6364467748125988,0.2514018745821048 | 8,-1.5218031263587595,-0.7248206876660475
1786177123.711 -1.715010551309464 -1.0311199996921836 :: 2,-1.715010551309464,-1.0311199996921836 | 3,-2.4125954408887544,0.8033879729999314 | 7,-1.6364467748125988,0.2514018745821048 | 8,-1.2437357488431113,-0.6258461838197089
1786177123.911 -1.715010551309464 -1.0311199996921836 :: 2,-1.715010551309464,-1.0311199996921836 | 3,-2.4125954408887544,0.8033879729999314 | 7,-1.6364467748125988,0.2514018745821048 | 8,-1.4756438041713447,-0.5198279307524464
1786177124.111 -1.715010551309464 -1.0311199996921836 :: 2,-1.715010551309464,-1.0311199996921836 | 3,-2.4125954408887544,0.8033879729999314 | 7,-1.6364467748125988,0.2514018745821048 | 8,-1.1352353609054775,-0.39311200680429864
1786177124.311 -1.715010551309464 -1.0311199996921836 :: 2,-1.715010551309464,-1.0311199996921836 | 3,-2.4125954408887544,0.8033879729999314 | 7,-1.6364467748125988,0.2514018745821048 | 8,-1.133923273512848,-0.3538538474140651
1786177124.511 -1.715010551309464 -1.0311199996921836 :: 2,-1.715010551309464,-1.0311199996921836 | 3,-2.4125954408887544,0.8033879729999314 | 7,-1.6364467748125988,0.2514018745821048 | 8,-1.1343013868066572,-0.34388803544004337
1786177124.711 -1.715010551309464 -1.0311199996921836 :: 2,-1.715010551309464,-1.0311199996921836 | 3,-2.4125954408887544,0.8033879729999314 | 7,-1.6364467748125988,0.2514018745821048 | 8,-1.1571591659935496,-0.27673305799529146
1786177124.911 -2.4393535096981256 -0.5257908106595228 :: 2,-2.4393535096981256,-0.5257908106595228 | 3,-2.4125954408887544,0.8033879729999314 | 7,-1.6364467748125988,0.2514018745821048 | 8,-1.1571591659935496,-0.27673305799529146
1786177125.111 -2.4393535096981256 -0.5257908106595228 :: 2,-2.4393535096981256,-0.5257908106595228 | 3,-2.4125954408887544,0.8033879729999314 | 7,-1.6364467748125988,0.2514018745821048 | 8,-1.2741115999486743,-0.7844763546524545
1786177125.311 -2.4393535096981256 -0.5257908106595228 :: 2,-2.4393535096981256,-0.5257908106595228 | 3,-2.4125954408887544,0.8033879729999314 | 7,-1.6364467748125988,0.2514018745821048 | 8,-1.3681491085627873,-0.5616814810578854
1786177125.511 -2.4393535096981256 -0.5257908106595228 :: 2,-2.4393535096981256,-0.5257908106595228 | 3,-2.4125954408887544,0.8033879729999314 | 7,-0.5575200881668247,0.002924562793314045 | 8,-1.3681491085627873,-0.5616814810578854
1786177125.711 -2.4393535096981256 -0.5257908106595228 :: 2,-2.4393535096981256,-0.5257908106595228 | 3,-2.4125954408887544,0.8033879729999314 | 7,-0.6275793953900224,-0.11169735351948817 | 8,-1.3681491085627873,-0.5616814810578854 | 9,-0.5592374825438218,-0.18296760497478148
1786177125.911 -2.4393535096981256 -0.5257908106595228 :: 2,-2.4393535096981256,-0.5257908106595228 | 3,-2.4125954408887544,0.8033879729999314 | 7,-0.6275793953900224,-0.11169735351948817 | 8,-1.7658810681645445,-1.0592905674963742 | 9,-0.5592374825438218,-0.18296760497478148
1786177126.111 -2.4393535096981256 -0.5257908106595228 :: 2,-2.4393535096981256,-0.5257908106595228 | 3,-2.4125954408887544,0.8033879729999314 | 7,-0.6275793953900224,-0.11169735351948817 | 8,-1.7658810681645445,-1.0592905674963742 | 9,-0.5592374825438218,-0.18296760497478148
1786177126.311 -2.4393535096981256 -0.5257908106595228 :: 2,-2.4393535096981256,-0.5257908106595228 | 3,-2.4125954408887544,0.8033879729999314 | 7,-0.6275793953900224,-0.11169735351948817 | 8,-1.7658810681645445,-1.0592905674963742 | 9,-0.5592374825438218,-0.18296760497478148
1786177126.511 -2.4393535096981256 -0.5257908106595228 :: 2,-2.4393535096981256,-0.5257908106595228 | 7,-0.6275793953900224,-0.11169735351948817 | 8,-1.7658810681645445,-1.0592905674963742 | 9,-0.5592374825438218,-0.18296760497478148
1786177126.711 -2.4393535096981256 -0.5257908106595228 :: 2,-2.4393535096981256,-0.5257908106595228 | 7,-0.6275793953900224,-0.11169735351948817 | 8,-1.7658810681645445,-1.0592905674963742 | 9,-0.5592374825438218,-0.18296760497478148
1786177126.911 -2.4393535096981256 -0.5257908106595228 :: 2,-2.4393535096981256,-0.5257908106595228 | 7,-0.6275793953900224,-0.11169735351948817 | 8,-1.7658810681645445,-1.0592905674963742 | 9,-0.5592374825438218,-0.18296760497478148
1786177127.111 -2.4393535096981256 -0.5257908106595228 :: 2,-2.4393535096981256,-0.5257908106595228 | 7,-0.6275793953900224,-0.11169735351948817 | 8,-1.7658810681645445,-1.0592905674963742 | 9,-0.5592374825438218,-0.18296760497478148
1786177127.311 -2.4393535096981256 -0.5257908106595228 :: 2,-2.4393535096981256,-0.5257908106595228 | 7,-0.6275793953900224,-0.11169735351948817 | 8,-1.7658810681645445,-1.0592905674963742 | 9,-0.5592374825438218,-0.18296760497478148
1786177127.511 -2.4393535096981256 -0.5257908106595228 :: 2,-2.4393535096981256,-0.5257908106595228 | 7,-0.6275793953900224,-0.11169735351948817 | 8,-1.7658810681645445,-1.0592905674963742 | 9,-0.5592374825438218,-0.18296760497478148
1786177127.711 -2.4393535096981256 -0.5257908106595228 :: 2,-2.4393535096981256,-0.5257908106595228 | 7,-0.6275793953900224,-0.11169735351948817 | 8,-1.7658810681645445,-1.0592905674963742 | 9,-0.5592374825438218,-0.18296760497478148
1786177127.911 -2.4393535096981256 -0.5257908106595228 :: 2,-2.4393535096981256,-0.5257908106595228 | 7,-0.6275793953900224,-0.11169735351948817 | 8,-1.7658810681645445,-1.0592905674963742 | 9,-0.5592374825438218,-0.18296760497478148
1786177128.111 -0.6275793953900224 -0.11169735351948817 :: 7,-0.6275793953900224,-0.11169735351948817 | 8,-1.7658810681645445,-1.0592905674963742 | 9,-0.5592374825438218,-0.18296760497478148
1786177128.311 -0.6275793953900224 -0.11169735351948817 :: 7,-0.6275793953900224,-0.11169735351948817 | 8,-1.7658810681645445,-1.0592905674963742 | 9,-0.5592374825438218,-0.18296760497478148
1786177128.511 -0.6275793953900224 -0.11169735351948817 :: 7,-0.6275793953900224,-0.11169735351948817 | 8,-1.7658810681645445,-1.0592905674963742 | 9,-0.5592374825438218,-0.18296760497478148
