1786177695.542 -1.7685460020198165 -0.5766987966970022 :: 1,-1.7685460020198165,-0.5766987966970022
1786177695.742 -1.8031595877334583 -0.43293692957143465 :: 1,-1.8031595877334583,-0.43293692957143465
1786177695.942 -1.8969760505934012 -0.24153279498517408 :: 1,-1.8969760505934012,-0.24153279498517408
1786177696.142 -1.9836882033933665 0.12290376465732625 :: 1,-1.9836882033933665,0.12290376465732625
1786177696.342 -1.7767808981141673 0.20172909875691766 :: 1,-1.7767808981141673,0.20172909875691766
1786177696.542 -1.886600455451344 0.33086000951394023 :: 1,-1.886600455451344,0.33086000951394023
1786177696.742 -2.092777178582109 0.4570736407833482 :: 1,-2.092777178582109,0.4570736407833482
1786177696.942 -2.0879280068472923 0.5015581479740061 :: 1,-2.0879280068472923,0.5015581479740061
1786177697.142 -2.092668165475009 0.4632066343956829 :: 1,-2.092668165475009,0.4632066343956829
1786177697.342 -2.092179895518737 0.4678318606995645 :: 1,-2.092179895518737,0.4678318606995645
1786177697.542 -2.092776737758896 0.4584009357749912 :: 1,-2.092776737758896,0.4584009357749912
1786177697.742 -2.0154555665840244 0.44252593594810175 :: 1,-2.0154555665840244,0.44252593594810175
1786177697.942 -2.0129643297918682 0.4605464368611967 :: 1,-2.0129643297918682,0.4605464368611967
1786177698.142 -2.0141322300544076 0.4507634254436027 :: 1,-2.0141322300544076,0.4507634254436027
1786177698.342 -1.940119269470724 0.4472923959679198 :: 1,-1.940119269470724,0.4472923959679198
1786177698.542 -2.0100326654309875 0.4818830522895514 :: 1,-2.0100326654309875,0.4818830522895514
1786177698.741 -2.0081562411731584 0.4974170632245031 :: 1,-2.0081562411731584,0.4974170632245031
1786177698.941 -2.009794206415267 0.4879206385384005 :: 1,-2.009794206415267,0.4879206385384005
1786177699.050 -1.8987304819882638 0.2892907122621563 :: 1,-1.8987304819882638,0.2892907122621563
1786177699.141 -1.8987304819882638 0.2892907122621563 :: 1,-1.8987304819882638,0.2892907122621563
1786177699.185 -1.892641018000785 0.26739468178751596 :: 1,-1.892641018000785,0.26739468178751596
1786177699.341 -1.892641018000785 0.26739468178751596 :: 1,-1.892641018000785,0.26739468178751596
1786177699.308 -1.892641018000785 0.26739468178751596 :: 1,-1.892641018000785,0.26739468178751596
1786177699.443 -1.892641018000785 0.26739468178751596 :: 1,-1.892641018000785,0.26739468178751596
1786177699.541 -1.892641018000785 0.26739468178751596 :: 1,-1.892641018000785,0.26739468178751596
1786177699.566 -1.892641018000785 0.26739468178751596 :: 1,-1.892641018000785,0.26739468178751596
1786177699.701 -2.2886805266614156 0.21881562318600117 :: 1,-2.2886805266614156,0.21881562318600117
1786177699.741 -2.2886805266614156 0.21881562318600117 :: 1,-2.2886805266614156,0.21881562318600117
1786177699.824 -2.2886805266614156 0.21881562318600117 :: 1,-2.2886805266614156,0.21881562318600117
1786177699.941 -2.2886805266614156 0.21881562318600117 :: 1,-2.2886805266614156,0.21881562318600117 | 2,-1.072429236584488,0.016146818679083283
1786177699.959 -2.2886805266614156 0.21881562318600117 :: 1,-2.2886805266614156,0.21881562318600117 | 2,-1.072429236584488,0.016146818679083283
1786177700.082 -1.8713672730486117 -0.001946166351919132 :: 1,-1.8713672730486117,-0.001946166351919132 | 2,-1.072429236584488,0.016146818679083283
1786177700.141 -1.8713672730486117 -0.001946166351919132 :: 1,-1.8713672730486117,-0.001946166351919132 | 2,-1.9389696607601326,-0.06391236345572088
1786177700.217 -1.8433241061794754 -0.08275327630889653 :: 1,-1.8433241061794754,-0.08275327630889653 | 2,-1.9389696607601326,-0.06391236345572088
1786177700.341 -1.8433241061794754 -0.08275327630889653 :: 1,-1.8433241061794754,-0.08275327630889653 | 2,-1.8386731110144667,-0.2713183486394761
1786177700.340 -1.6445629427650468 -0.25162935728973423 :: 1,-1.6445629427650468,-0.25162935728973423 | 2,-1.8386731110144667,-0.2713183486394761
1786177700.463 -1.6445629427650468 -0.25162935728973423 :: 1,-1.6445629427650468,-0.25162935728973423 | 2,-1.8386731110144667,-0.2713183486394761
1786177700.541 -1.6445629427650468 -0.25162935728973423 :: 1,-1.6445629427650468,-0.25162935728973423 | 2,-2.133996363583932,-0.4576165728131044
1786177700.597 -1.6445629427650468 -0.25162935728973423 :: 1,-1.6445629427650468,-0.25162935728973423 | 2,-2.133996363583932,-0.4576165728131044
1786177700.741 -1.6445629427650468 -0.25162935728973423 :: 1,-1.6445629427650468,-0.25162935728973423 | 2,-1.667217830941892,-0.5653369885943972
1786177700.721 -1.7275158846995982 -0.43328822242815124 :: 1,-1.7275158846995982,-0.43328822242815124 | 2,-1.667217830941892,-0.5653369885943972
1786177700.857 -1.5881031075623067 -0.3046887071501932 :: 1,-1.5881031075623067,-0.3046887071501932 | 2,-1.667217830941892,-0.5653369885943972
1786177700.941 -1.5881031075623067 -0.3046887071501932 :: 1,-1.5881031075623067,-0.3046887071501932 | 2,-1.648461737538285,-0.6009260841779954
1786177700.979 -1.5598308513569525 -0.3441628971808596 :: 1,-1.5598308513569525,-0.3441628971808596 | 2,-1.648461737538285,-0.6009260841779954
1786177701.114 -1.5331318246155012 -0.363429922354296 :: 1,-1.5331318246155012,-0.363429922354296 | 2,-1.648461737538285,-0.6009260841779954
1786177701.141 -1.5331318246155012 -0.363429922354296 :: 1,-1.5331318246155012,-0.363429922354296 | 2,-1.6727991549836652,-0.6146664492366387
1786177701.237 -1.498858330178877 -0.45171546710129856 :: 1,-1.498858330178877,-0.45171546710129856 | 2,-1.6727991549836652,-0.6146664492366387
1786177701.372 -1.498858330178877 -0.45171546710129856 :: 1,-1.498858330178877,-0.45171546710129856 | 2,-1.6727991549836652,-0.6146664492366387
1786177701.341 -1.498858330178877 -0.45171546710129856 :: 1,-1.498858330178877,-0.45171546710129856 | 2,-1.6727991549836652,-0.6146664492366387 | 3,-1.7165823090549162,1.1076476764485872
1786177701.494 -1.498858330178877 -0.45171546710129856 :: 1,-1.498858330178877,-0.45171546710129856 | 2,-1.6727991549836652,-0.6146664492366387 | 3,-1.7165823090549162,1.1076476764485872
1786177701.541 -1.498858330178877 -0.45171546710129856 :: 1,-1.498858330178877,-0.45171546710129856 | 2,-1.6727991549836652,-0.6146664492366387 | 3,-1.7616753114037775,1.283073292941783
1786177701.629 -1.498858330178877 -0.45171546710129856 :: 1,-1.498858330178877,-0.45171546710129856 | 2,-1.6727991549836652,-0.6146664492366387 | 3,-1.7616753114037775,1.283073292941783
1786177701.741 -1.498858330178877 -0.45171546710129856 :: 1,-1.498858330178877,-0.45171546710129856 | 2,-1.6727991549836652,-0.6146664492366387 | 3,-1.7616753114037775,1.283073292941783 | 4,-1.558795001288772,1.0225319759334852
1786177701.753 -1.498858330178877 -0.45171546710129856 :: 1,-1.498858330178877,-0.45171546710129856 | 2,-1.6727991549836652,-0.6146664492366387 | 3,-1.7616753114037775,1.283073292941783 | 4,-1.558795001288772,1.0225319759334852
1786177701.875 -1.498858330178877 -0.45171546710129856 :: 1,-1.498858330178877,-0.45171546710129856 | 2,-1.6727991549836652,-0.6146664492366387 | 3,-1.7616753114037775,1.283073292941783 | 4,-1.558795001288772,1.0225319759334852
1786177701.941 -1.498858330178877 -0.45171546710129856 :: 1,-1.498858330178877,-0.45171546710129856 | 2,-1.6727991549836652,-0.6146664492366387 | 3,-1.7616753114037775,1.283073292941783 | 4,-1.6775973895186793,0.9591950328603406
1786177702.010 -1.498858330178877 -0.45171546710129856 :: 1,-1.498858330178877,-0.45171546710129856 | 2,-1.6727991549836652,-0.6146664492366387 | 3,-1.7616753114037775,1.283073292941783 | 4,-1.6775973895186793,0.9591950328603406
1786177702.133 -1.0105278821678274 -0.7943530030439452 :: 1,-1.0105278821678274,-0.7943530030439452 | 2,-1.6727991549836652,-0.6146664492366387 | 3,-1.7616753114037775,1.283073292941783 | 4,-1.6775973895186793,0.9591950328603406
1786177702.268 -1.0105278821678274 -0.7943530030439452 :: 1,-1.0105278821678274,-0.7943530030439452 | 2,-1.6727991549836652,-0.6146664492366387 | 3,-1.7616753114037775,1.283073292941783 | 4,-1.6775973895186793,0.9591950328603406
1786177702.391 -1.0105278821678274 -0.7943530030439452 :: 1,-1.0105278821678274,-0.7943530030439452 | 2,-1.6727991549836652,-0.6146664492366387 | 3,-1.7616753114037775,1.283073292941783 | 4,-1.6775973895186793,0.9591950328603406
1786177702.526 -1.1170685374845666 -0.6367929208228038 :: 1,-1.1170685374845666,-0.6367929208228038 | 2,-1.6727991549836652,-0.6146664492366387 | 3,-1.7616753114037775,1.283073292941783 | 4,-1.6775973895186793,0.9591950328603406
1786177702.141 -1.1170685374845666 -0.6367929208228038 :: 1,-1.1170685374845666,-0.6367929208228038 | 2,-1.6727991549836652,-0.6146664492366387 | 3,-1.7616753114037775,1.283073292941783 | 4,-1.868015250870819,1.0045906005410619
1786177702.341 -1.1170685374845666 -0.6367929208228038 :: 1,-1.1170685374845666,-0.6367929208228038 | 2,-1.6727991549836652,-0.6146664492366387 | 3,-1.7616753114037775,1.283073292941783 | 4,-1.715286534729362,0.670920291703037
1786177702.541 -1.1170685374845666 -0.6367929208228038 :: 1,-1.1170685374845666,-0.6367929208228038 | 2,-1.6727991549836652,-0.6146664492366387 | 3,-1.7616753114037775,1.283073292941783 | 4,-1.7022419207393469,0.3363744191382945
1786177702.649 -1.1170685374845666 -0.6367929208228038 :: 1,-1.1170685374845666,-0.6367929208228038 | 2,-1.6727991549836652,-0.6146664492366387 | 3,-1.7616753114037775,1.283073292941783 | 4,-1.7022419207393469,0.3363744191382945
1786177702.741 -1.1170685374845666 -0.6367929208228038 :: 1,-1.1170685374845666,-0.6367929208228038 | 2,-1.6727991549836652,-0.6146664492366387 | 3,-1.7616753114037775,1.283073292941783 | 4,-1.7308308857312362,0.11438946183527682
1786177702.784 -1.1170685374845666 -0.6367929208228038 :: 1,-1.1170685374845666,-0.6367929208228038 | 2,-1.6727991549836652,-0.6146664492366387 | 3,-1.7616753114037775,1.283073292941783 | 4,-1.7308308857312362,0.11438946183527682
1786177702.908 -0.838845996399295 -0.6474155118066699 :: 1,-0.838845996399295,-0.6474155118066699 | 2,-1.6727991549836652,-0.6146664492366387 | 3,-1.7616753114037775,1.283073292941783 | 4,-1.7308308857312362,0.11438946183527682
1786177702.941 -0.838845996399295 -0.6474155118066699 :: 1,-0.838845996399295,-0.6474155118066699 | 2,-1.6727991549836652,-0.6146664492366387 | 3,-1.7616753114037775,1.283073292941783 | 4,-1.7588053409320323,-0.09255799340606699
1786177703.030 -0.9007498723342442 -0.4576438557065291 :: 1,-0.9007498723342442,-0.4576438557065291 | 2,-1.6727991549836652,-0.6146664492366387 | 3,-1.7616753114037775,1.283073292941783 | 4,-1.7588053409320323,-0.09255799340606699
1786177703.165 -0.8468252638312699 -0.57054749924109 :: 1,-0.8468252638312699,-0.57054749924109 | 2,-1.6727991549836652,-0.6146664492366387 | 3,-1.7616753114037775,1.283073292941783 | 4,-1.7588053409320323,-0.09255799340606699
1786177703.287 -0.8468252638312699 -0.57054749924109 :: 1,-0.8468252638312699,-0.57054749924109 | 2,-1.6727991549836652,-0.6146664492366387 | 3,-1.7616753114037775,1.283073292941783 | 4,-1.7588053409320323,-0.09255799340606699
1786177703.141 -0.8468252638312699 -0.57054749924109 :: 1,-0.8468252638312699,-0.57054749924109 | 2,-1.6727991549836652,-0.6146664492366387 | 3,-1.7616753114037775,1.283073292941783 | 4,-1.0199598609523064,-0.5014392133412829
1786177703.341 -0.8468252638312699 -0.57054749924109 :: 1,-0.8468252638312699,-0.57054749924109 | 2,-1.6727991549836652,-0.6146664492366387 | 3,-1.7616753114037775,1.283073292941783 | 4,-1.055345042030745,-0.48906630230143017
1786177703.422 -0.8468252638312699 -0.57054749924109 :: 1,-0.8468252638312699,-0.57054749924109 | 2,-1.6727991549836652,-0.6146664492366387 | 3,-1.7616753114037775,1.283073292941783 | 4,-1.055345042030745,-0.48906630230143017
1786177703.541 -0.8468252638312699 -0.57054749924109 :: 1,-0.8468252638312699,-0.57054749924109 | 2,-1.6727991549836652,-0.6146664492366387 | 3,-1.7616753114037775,1.283073292941783 | 4,-0.8758685316740917,-0.3708820152434627
1786177703.545 -0.8468252638312699 -0.57054749924109 :: 1,-0.8468252638312699,-0.57054749924109 | 2,-1.6727991549836652,-0.6146664492366387 | 3,-1.7616753114037775,1.283073292941783 | 4,-0.8758685316740917,-0.3708820152434627
1786177703.681 -0.8246398688252075 0.18477473682936052 :: 1,-0.8246398688252075,0.18477473682936052 | 2,-1.6727991549836652,-0.6146664492366387 | 3,-1.7616753114037775,1.283073292941783 | 4,-0.8758685316740917,-0.3708820152434627
1786177703.741 -0.8246398688252075 0.18477473682936052 :: 1,-0.8246398688252075,0.18477473682936052 | 2,-1.6727991549836652,-0.6146664492366387 | 3,-1.7616753114037775,1.283073292941783 | 4,-0.8758685316740917,-0.3708820152434627
1786177703.803 -0.8246398688252075 0.18477473682936052 :: 1,-0.8246398688252075,0.18477473682936052 | 2,-1.6727991549836652,-0.6146664492366387 | 3,-1.7616753114037775,1.283073292941783 | 4,-0.8758685316740917,-0.3708820152434627
1786177703.941 -0.8246398688252075 0.18477473682936052 :: 1,-0.8246398688252075,0.18477473682936052 | 2,-1.6727991549836652,-0.6146664492366387 | 3,-1.7616753114037775,1.283073292941783 | 4,-0.8758685316740917,-0.3708820152434627
1786177703.938 -0.8246398688252075 0.18477473682936052 :: 1,-0.8246398688252075,0.18477473682936052 | 2,-1.6727991549836652,-0.6146664492366387 | 3,-1.7616753114037775,1.283073292941783 | 4,-0.8758685316740917,-0.3708820152434627
1786177704.062 -0.8246398688252075 0.18477473682936052 :: 1,-0.8246398688252075,0.18477473682936052 | 2,-1.6727991549836652,-0.6146664492366387 | 3,-1.7616753114037775,1.283073292941783 | 4,-0.8758685316740917,-0.3708820152434627
1786177704.141 -0.8246398688252075 0.18477473682936052 :: 1,-0.8246398688252075,0.18477473682936052 | 2,-1.6727991549836652,-0.6146664492366387 | 3,-1.7616753114037775,1.283073292941783 | 4,-0.8758685316740917,-0.3708820152434627
1786177704.196 -0.8246398688252075 0.18477473682936052 :: 1,-0.8246398688252075,0.18477473682936052 | 2,-1.6727991549836652,-0.6146664492366387 | 3,-1.7616753114037775,1.283073292941783 | 4,-0.8758685316740917,-0.3708820152434627
1786177704.341 -0.8246398688252075 0.18477473682936052 :: 1,-0.8246398688252075,0.18477473682936052 | 3,-1.7616753114037775,1.283073292941783 | 4,-0.8758685316740917,-0.3708820152434627
1786177704.319 -0.8246398688252075 0.18477473682936052 :: 1,-0.8246398688252075,0.18477473682936052 | 3,-1.7616753114037775,1.283073292941783 | 4,-0.8758685316740917,-0.3708820152434627
1786177704.442 -0.8246398688252075 0.18477473682936052 :: 1,-0.8246398688252075,0.18477473682936052 | 3,-1.7616753114037775,1.283073292941783 | 4,-0.8758685316740917,-0.3708820152434627
1786177704.541 -0.8246398688252075 0.18477473682936052 :: 1,-0.8246398688252075,0.18477473682936052 | 3,-1.7616753114037775,1.283073292941783 | 4,-0.8758685316740917,-0.3708820152434627
1786177704.577 -1.1410199489846762 0.2569296582759276 :: 1,-1.1410199489846762,0.2569296582759276 | 3,-1.7616753114037775,1.283073292941783 | 4,-0.8758685316740917,-0.3708820152434627
1786177704.741 -1.1410199489846762 0.2569296582759276 :: 1,-1.1410199489846762,0.2569296582759276 | 4,-0.8758685316740917,-0.3708820152434627
1786177704.700 -1.1410199489846762 0.2569296582759276 :: 1,-1.1410199489846762,0.2569296582759276 | 4,-0.8758685316740917,-0.3708820152434627
1786177704.835 -1.3488930553348129 0.26299251623458075 :: 1,-1.3488930553348129,0.26299251623458075 | 4,-0.8758685316740917,-0.3708820152434627
1786177704.941 -1.3488930553348129 0.26299251623458075 :: 1,-1.3488930553348129,0.26299251623458075 | 4,-0.8758685316740917,-0.3708820152434627
1786177704.958 -1.3625284302885816 0.26662603075450936 :: 1,-1.3625284302885816,0.26662603075450936 | 4,-0.8758685316740917,-0.3708820152434627
1786177705.093 -1.384384671191569 0.27695519960283677 :: 1,-1.384384671191569,0.27695519960283677 | 4,-0.8758685316740917,-0.3708820152434627
1786177705.141 -1.384384671191569 0.27695519960283677 :: 1,-1.384384671191569,0.27695519960283677 | 4,-0.8758685316740917,-0.3708820152434627
1786177705.216 -1.4217743528901443 0.2916392945353252 :: 1,-1.4217743528901443,0.2916392945353252 | 4,-0.8758685316740917,-0.3708820152434627
1786177705.341 -1.4217743528901443 0.2916392945353252 :: 1,-1.4217743528901443,0.2916392945353252 | 4,-0.8758685316740917,-0.3708820152434627
1786177705.351 -1.548132631993879 0.3202356360383027 :: 1,-1.548132631993879,0.3202356360383027 | 4,-0.8758685316740917,-0.3708820152434627
1786177705.474 -1.7641103523884927 0.3409753908031015 :: 1,-1.7641103523884927,0.3409753908031015 | 4,-0.8758685316740917,-0.3708820152434627
1786177705.541 -1.7641103523884927 0.3409753908031015 :: 1,-1.7641103523884927,0.3409753908031015 | 4,-0.8758685316740917,-0.3708820152434627
1786177705.596 -1.8184560525671691 0.302162872055562 :: 1,-1.8184560525671691,0.302162872055562 | 4,-0.8758685316740917,-0.3708820152434627
1786177705.740 -1.8184560525671691 0.302162872055562 :: 1,-1.8184560525671691,0.302162872055562 | 4,-0.8758685316740917,-0.3708820152434627
1786177705.732 -1.8336680214741699 0.2798930956311328 :: 1,-1.8336680214741699,0.2798930956311328 | 4,-0.8758685316740917,-0.3708820152434627
1786177705.855 -2.0647112764998825 0.35791664028038794 :: 1,-2.0647112764998825,0.35791664028038794 | 4,-0.8758685316740917,-0.3708820152434627
1786177705.940 -2.0647112764998825 0.35791664028038794 :: 1,-2.0647112764998825,0.35791664028038794 | 4,-0.8758685316740917,-0.3708820152434627
1786177705.989 -2.0647112764998825 0.35791664028038794 :: 1,-2.0647112764998825,0.35791664028038794 | 4,-0.8758685316740917,-0.3708820152434627
1786177706.140 -2.0647112764998825 0.35791664028038794 :: 1,-2.0647112764998825,0.35791664028038794 | 4,-0.8758685316740917,-0.3708820152434627
1786177706.113 -2.0647112764998825 0.35791664028038794 :: 1,-2.0647112764998825,0.35791664028038794 | 4,-0.8758685316740917,-0.3708820152434627
1786177706.248 -2.0647112764998825 0.35791664028038794 :: 1,-2.0647112764998825,0.35791664028038794 | 4,-0.8758685316740917,-0.3708820152434627
1786177706.340 -2.0647112764998825 0.35791664028038794 :: 1,-2.0647112764998825,0.35791664028038794 | 4,-0.8758685316740917,-0.3708820152434627
1786177706.371 -2.0647112764998825 0.35791664028038794 :: 1,-2.0647112764998825,0.35791664028038794 | 4,-0.8758685316740917,-0.3708820152434627
1786177706.506 -2.0647112764998825 0.35791664028038794 :: 1,-2.0647112764998825,0.35791664028038794 | 4,-0.8758685316740917,-0.3708820152434627
1786177706.540 -2.0647112764998825 0.35791664028038794 :: 1,-2.0647112764998825,0.35791664028038794 | 4,-0.8758685316740917,-0.3708820152434627
1786177706.629 -1.9559198416909984 -0.43337249588799365 :: 1,-1.9559198416909984,-0.43337249588799365 | 4,-0.8758685316740917,-0.3708820152434627
1786177706.740 -1.9559198416909984 -0.43337249588799365 :: 1,-1.9559198416909984,-0.43337249588799365
1786177706.763 -1.9711976447653554 -0.43569457927105193 :: 1,-1.9711976447653554,-0.43569457927105193
1786177706.886 -1.9711976447653554 -0.43569457927105193 :: 1,-1.9711976447653554,-0.43569457927105193
1786177706.940 -1.9711976447653554 -0.43569457927105193 :: 1,-1.9711976447653554,-0.43569457927105193
1786177707.010 -1.9760046335777184 -0.4791691552820243 :: 1,-1.9760046335777184,-0.4791691552820243
1786177707.140 -1.9760046335777184 -0.4791691552820243 :: 1,-1.9760046335777184,-0.4791691552820243
1786177707.144 -1.8863744286430966 -0.7058639803643194 :: 1,-1.8863744286430966,-0.7058639803643194
1786177707.267 -1.877921287160992 -0.7432438030133016 :: 1,-1.877921287160992,-0.7432438030133016
1786177707.340 -1.877921287160992 -0.7432438030133016 :: 1,-1.877921287160992,-0.7432438030133016 | 5,-2.216066362201731,-1.0726873896227862
1786177707.402 -1.7839007068684511 -0.92726906886233 :: 1,-1.7839007068684511,-0.92726906886233 | 5,-2.216066362201731,-1.0726873896227862
1786177707.540 -1.7839007068684511 -0.92726906886233 :: 1,-1.7839007068684511,-0.92726906886233 | 5,-2.216066362201731,-1.0726873896227862
1786177707.740 -1.7839007068684511 -0.92726906886233 :: 1,-1.7839007068684511,-0.92726906886233 | 5,-2.216066362201731,-1.0726873896227862
1786177707.940 -1.7839007068684511 -0.92726906886233 :: 1,-1.7839007068684511,-0.92726906886233 | 5,-2.216066362201731,-1.0726873896227862
1786177708.140 -1.7839007068684511 -0.92726906886233 :: 1,-1.7839007068684511,-0.92726906886233 | 5,-2.216066362201731,-1.0726873896227862
1786177708.340 -1.7839007068684511 -0.92726906886233 :: 1,-1.7839007068684511,-0.92726906886233 | 5,-2.216066362201731,-1.0726873896227862
1786177708.540 -1.7839007068684511 -0.92726906886233 :: 1,-1.7839007068684511,-0.92726906886233 | 5,-2.216066362201731,-1.0726873896227862
1786177708.557 -2.057863825491809 -1.5171737260339264 :: 1,-2.057863825491809,-1.5171737260339264 | 5,-2.216066362201731,-1.0726873896227862
1786177708.740 -2.057863825491809 -1.5171737260339264 :: 1,-2.057863825491809,-1.5171737260339264 | 5,-2.216066362201731,-1.0726873896227862
1786177708.679 -2.069210200728386 -1.5702764565822618 :: 1,-2.069210200728386,-1.5702764565822618 | 5,-2.216066362201731,-1.0726873896227862
1786177708.814 -2.069210200728386 -1.5702764565822618 :: 1,-2.069210200728386,-1.5702764565822618 | 5,-2.216066362201731,-1.0726873896227862
1786177708.940 -2.069210200728386 -1.5702764565822618 :: 1,-2.069210200728386,-1.5702764565822618 | 5,-2.216066362201731,-1.0726873896227862
1786177708.938 -2.069210200728386 -1.5702764565822618 :: 1,-2.069210200728386,-1.5702764565822618 | 5,-2.216066362201731,-1.0726873896227862
1786177709.073 -2.069210200728386 -1.5702764565822618 :: 1,-2.069210200728386,-1.5702764565822618 | 5,-2.216066362201731,-1.0726873896227862
1786177709.140 -2.069210200728386 -1.5702764565822618 :: 1,-2.069210200728386,-1.5702764565822618 | 5,-2.216066362201731,-1.0726873896227862
1786177709.195 -2.069210200728386 -1.5702764565822618 :: 1,-2.069210200728386,-1.5702764565822618 | 5,-2.216066362201731,-1.0726873896227862
1786177709.330 -1.9034552803128775 -2.127897781586273 :: 1,-1.9034552803128775,-2.127897781586273 | 5,-2.216066362201731,-1.0726873896227862
1786177709.340 -1.9034552803128775 -2.127897781586273 :: 1,-1.9034552803128775,-2.127897781586273 | 5,-2.216066362201731,-1.0726873896227862
1786177709.453 -1.9275976706991422 -1.991618904066419 :: 1,-1.9275976706991422,-1.991618904066419 | 5,-2.216066362201731,-1.0726873896227862
1786177709.540 -1.9275976706991422 -1.991618904066419 :: 1,-1.9275976706991422,-1.991618904066419 | 5,-2.216066362201731,-1.0726873896227862
1786177709.588 -1.9564987031391903 -1.996622971663908 :: 1,-1.9564987031391903,-1.996622971663908 | 5,-2.216066362201731,-1.0726873896227862
1786177709.740 -1.9564987031391903 -1.996622971663908 :: 1,-1.9564987031391903,-1.996622971663908 | 5,-2.216066362201731,-1.0726873896227862
1786177709.711 -1.9926962514708695 -2.0533345498756526 :: 1,-1.9926962514708695,-2.0533345498756526 | 5,-2.216066362201731,-1.0726873896227862
1786177709.834 -2.0439928960091205 -2.1137263295167723 :: 1,-2.0439928960091205,-2.1137263295167723 | 5,-2.216066362201731,-1.0726873896227862
1786177709.940 -2.0439928960091205 -2.1137263295167723 :: 1,-2.0439928960091205,-2.1137263295167723 | 5,-2.216066362201731,-1.0726873896227862
1786177709.972 -2.0886560841692248 -2.1563573872277733 :: 1,-2.0886560841692248,-2.1563573872277733 | 5,-2.216066362201731,-1.0726873896227862
1786177710.140 -2.0886560841692248 -2.1563573872277733 :: 1,-2.0886560841692248,-2.1563573872277733 | 5,-2.216066362201731,-1.0726873896227862
1786177710.091 -2.0886560841692248 -2.1563573872277733 :: 1,-2.0886560841692248,-2.1563573872277733 | 5,-2.216066362201731,-1.0726873896227862
1786177710.227 -2.0334066186930624 -2.0803696573442716 :: 1,-2.0334066186930624,-2.0803696573442716 | 5,-2.216066362201731,-1.0726873896227862
1786177710.350 -2.036485838953059 -2.0718938995297536 :: 1,-2.036485838953059,-2.0718938995297536 | 5,-2.216066362201731,-1.0726873896227862
1786177710.340 -2.036485838953059 -2.0718938995297536 :: 1,-2.036485838953059,-2.0718938995297536 | 5,-2.216066362201731,-1.0726873896227862
1786177710.485 -2.001827235705544 -2.039525766265676 :: 1,-2.001827235705544,-2.039525766265676 | 5,-2.216066362201731,-1.0726873896227862
1786177710.540 -2.001827235705544 -2.039525766265676 :: 1,-2.001827235705544,-2.039525766265676
1786177710.608 -1.9767686823134487 -2.0154865928980907 :: 1,-1.9767686823134487,-2.0154865928980907
1786177710.740 -1.9767686823134487 -2.0154865928980907 :: 1,-1.9767686823134487,-2.0154865928980907 | 6,-1.982708020433789,-0.40176292851469964
1786177710.743 -1.9306679144701344 -1.9725784646975073 :: 1,-1.9306679144701344,-1.9725784646975073 | 6,-1.982708020433789,-0.40176292851469964
1786177710.866 -1.9096451400170982 -1.931486116289341 :: 1,-1.9096451400170982,-1.931486116289341 | 6,-1.982708020433789,-0.40176292851469964
1786177710.940 -1.9096451400170982 -1.931486116289341 :: 1,-1.9096451400170982,-1.931486116289341 | 6,-1.8648588240546287,-0.4657974641830346
1786177710.988 -1.9096451400170982 -1.931486116289341 :: 1,-1.9096451400170982,-1.931486116289341 | 6,-1.8648588240546287,-0.4657974641830346
1786177711.140 -1.9096451400170982 -1.931486116289341 :: 1,-1.9096451400170982,-1.931486116289341 | 6,-1.9099424819741626,-0.34281591556916513
1786177711.124 -1.9096451400170982 -1.931486116289341 :: 1,-1.9096451400170982,-1.931486116289341 | 6,-1.9099424819741626,-0.34281591556916513
1786177711.246 -1.9096451400170982 -1.931486116289341 :: 1,-1.9096451400170982,-1.931486116289341 | 6,-1.9099424819741626,-0.34281591556916513
1786177711.340 -1.9096451400170982 -1.931486116289341 :: 1,-1.9096451400170982,-1.931486116289341 | 6,-1.9099424819741626,-0.34281591556916513 | 7,-1.847237437001633,0.13860505769782475
1786177711.381 -1.9378087231967032 -1.9476282528119226 :: 1,-1.9378087231967032,-1.9476282528119226 | 6,-1.9099424819741626,-0.34281591556916513 | 7,-1.847237437001633,0.13860505769782475
1786177711.540 -1.9378087231967032 -1.9476282528119226 :: 1,-1.9378087231967032,-1.9476282528119226 | 6,-1.9099424819741626,-0.34281591556916513 | 7,-1.8899407274522733,0.322016681482747
1786177711.505 -1.9378087231967032 -1.9476282528119226 :: 1,-1.9378087231967032,-1.9476282528119226 | 6,-1.9099424819741626,-0.34281591556916513 | 7,-1.8899407274522733,0.322016681482747
1786177711.639 -1.9378087231967032 -1.9476282528119226 :: 1,-1.9378087231967032,-1.9476282528119226 | 6,-1.9099424819741626,-0.34281591556916513 | 7,-1.8899407274522733,0.322016681482747
1786177711.740 -1.9378087231967032 -1.9476282528119226 :: 1,-1.9378087231967032,-1.9476282528119226 | 6,-1.9099424819741626,-0.34281591556916513 | 7,-1.7781149442668587,0.6655204749066927
1786177711.762 -1.7513408146380978 -1.9362656506933065 :: 1,-1.7513408146380978,-1.9362656506933065 | 6,-1.9099424819741626,-0.34281591556916513 | 7,-1.7781149442668587,0.6655204749066927
1786177711.898 -1.7529861502138195 -1.9431398314245603 :: 1,-1.7529861502138195,-1.9431398314245603 | 6,-1.9099424819741626,-0.34281591556916513 | 7,-1.7781149442668587,0.6655204749066927
1786177711.940 -1.7529861502138195 -1.9431398314245603 :: 1,-1.7529861502138195,-1.9431398314245603 | 6,-1.9099424819741626,-0.34281591556916513 | 7,-1.7462167493569356,0.9027696649662742
1786177712.021 -1.7529861502138195 -1.9431398314245603 :: 1,-1.7529861502138195,-1.9431398314245603 | 6,-1.9099424819741626,-0.34281591556916513 | 7,-1.7462167493569356,0.9027696649662742
1786177712.140 -1.7529861502138195 -1.9431398314245603 :: 1,-1.7529861502138195,-1.9431398314245603 | 6,-1.9099424819741626,-0.34281591556916513 | 7,-1.6643970886069617,1.0629025858494
1786177712.143 -1.7529861502138195 -1.9431398314245603 :: 1,-1.7529861502138195,-1.9431398314245603 | 6,-1.9099424819741626,-0.34281591556916513 | 7,-1.6643970886069617,1.0629025858494
1786177712.278 -1.9042316052492785 -1.9371033310918055 :: 1,-1.9042316052492785,-1.9371033310918055 | 6,-1.9099424819741626,-0.34281591556916513 | 7,-1.6643970886069617,1.0629025858494
1786177712.340 -1.9042316052492785 -1.9371033310918055 :: 1,-1.9042316052492785,-1.9371033310918055 | 6,-1.9099424819741626,-0.34281591556916513 | 7,-1.5973671150825461,1.1245910637814849
1786177712.401 -1.9042316052492785 -1.9371033310918055 :: 1,-1.9042316052492785,-1.9371033310918055 | 6,-1.9099424819741626,-0.34281591556916513 | 7,-1.5973671150825461,1.1245910637814849
1786177712.540 -1.9042316052492785 -1.9371033310918055 :: 1,-1.9042316052492785,-1.9371033310918055 | 6,-1.9099424819741626,-0.34281591556916513 | 7,-1.6076744032360237,1.0493244701360402
1786177712.536 -1.751955296748878 -1.9701898207124346 :: 1,-1.751955296748878,-1.9701898207124346 | 6,-1.9099424819741626,-0.34281591556916513 | 7,-1.6076744032360237,1.0493244701360402
1786177712.659 -1.7462396200348347 -1.9305606685087247 :: 1,-1.7462396200348347,-1.9305606685087247 | 6,-1.9099424819741626,-0.34281591556916513 | 7,-1.6076744032360237,1.0493244701360402
1786177712.740 -1.7462396200348347 -1.9305606685087247 :: 1,-1.7462396200348347,-1.9305606685087247 | 6,-1.9099424819741626,-0.34281591556916513 | 7,-1.6076744032360237,1.0493244701360402
1786177712.793 -1.755655182076957 -1.9573909034332435 :: 1,-1.755655182076957,-1.9573909034332435 | 6,-1.9099424819741626,-0.34281591556916513 | 7,-1.6076744032360237,1.0493244701360402
1786177712.940 -1.755655182076957 -1.9573909034332435 :: 1,-1.755655182076957,-1.9573909034332435 | 6,-1.9099424819741626,-0.34281591556916513 | 7,-1.427151370549673,0.8944587752431394
1786177712.916 -1.755655182076957 -1.9573909034332435 :: 1,-1.755655182076957,-1.9573909034332435 | 6,-1.9099424819741626,-0.34281591556916513 | 7,-1.427151370549673,0.8944587752431394
1786177713.052 -1.755655182076957 -1.9573909034332435 :: 1,-1.755655182076957,-1.9573909034332435 | 6,-1.9099424819741626,-0.34281591556916513 | 7,-1.427151370549673,0.8944587752431394
1786177713.139 -1.755655182076957 -1.9573909034332435 :: 1,-1.755655182076957,-1.9573909034332435 | 6,-1.9099424819741626,-0.34281591556916513 | 7,-1.427151370549673,0.8944587752431394
1786177713.174 -1.755655182076957 -1.9573909034332435 :: 1,-1.755655182076957,-1.9573909034332435 | 6,-1.9099424819741626,-0.34281591556916513 | 7,-1.427151370549673,0.8944587752431394
1786177713.310 -1.8976392744740023 -1.952292644101666 :: 1,-1.8976392744740023,-1.952292644101666 | 6,-1.9099424819741626,-0.34281591556916513 | 7,-1.427151370549673,0.8944587752431394
1786177713.339 -1.8976392744740023 -1.952292644101666 :: 1,-1.8976392744740023,-1.952292644101666 | 6,-1.9099424819741626,-0.34281591556916513 | 7,-1.04067713040395,0.25456085234456194
1786177713.433 -1.8976392744740023 -1.952292644101666 :: 1,-1.8976392744740023,-1.952292644101666 | 6,-1.9099424819741626,-0.34281591556916513 | 7,-1.04067713040395,0.25456085234456194
1786177713.539 -1.8976392744740023 -1.952292644101666 :: 1,-1.8976392744740023,-1.952292644101666 | 6,-1.9099424819741626,-0.34281591556916513 | 7,-1.0387174884151087,0.26603767139537265
1786177713.556 -1.8976392744740023 -1.952292644101666 :: 1,-1.8976392744740023,-1.952292644101666 | 6,-1.9099424819741626,-0.34281591556916513 | 7,-1.0387174884151087,0.26603767139537265
1786177713.690 -1.8976392744740023 -1.952292644101666 :: 1,-1.8976392744740023,-1.952292644101666 | 6,-1.9099424819741626,-0.34281591556916513 | 7,-1.0387174884151087,0.26603767139537265
1786177713.739 -1.8976392744740023 -1.952292644101666 :: 1,-1.8976392744740023,-1.952292644101666 | 6,-1.9099424819741626,-0.34281591556916513 | 7,-1.0387174884151087,0.26603767139537265
1786177713.814 -1.8976392744740023 -1.952292644101666 :: 1,-1.8976392744740023,-1.952292644101666 | 6,-1.9099424819741626,-0.34281591556916513 | 7,-1.0387174884151087,0.26603767139537265
1786177713.939 -1.8976392744740023 -1.952292644101666 :: 1,-1.8976392744740023,-1.952292644101666 | 6,-1.9099424819741626,-0.34281591556916513 | 7,-1.0492300882539145,0.19519770340485293
1786177713.949 -1.8976392744740023 -1.952292644101666 :: 1,-1.8976392744740023,-1.952292644101666 | 6,-1.9099424819741626,-0.34281591556916513 | 7,-1.0492300882539145,0.19519770340485293
1786177714.072 -2.25494858766729 -1.4437370972929635 :: 1,-2.25494858766729,-1.4437370972929635 | 6,-1.9099424819741626,-0.34281591556916513 | 7,-1.0492300882539145,0.19519770340485293
1786177714.139 -2.25494858766729 -1.4437370972929635 :: 1,-2.25494858766729,-1.4437370972929635 | 6,-1.9099424819741626,-0.34281591556916513 | 7,-1.0492300882539145,0.19519770340485293
1786177714.207 -2.2592172220830298 -1.4641890242831959 :: 1,-2.2592172220830298,-1.4641890242831959 | 6,-1.9099424819741626,-0.34281591556916513 | 7,-1.0492300882539145,0.19519770340485293
1786177714.339 -2.2592172220830298 -1.4641890242831959 :: 1,-2.2592172220830298,-1.4641890242831959 | 7,-1.0492300882539145,0.19519770340485293
1786177714.329 -2.2537656938443913 -1.4698774083482002 :: 1,-2.2537656938443913,-1.4698774083482002 | 7,-1.0492300882539145,0.19519770340485293
1786177714.465 -2.2537656938443913 -1.4698774083482002 :: 1,-2.2537656938443913,-1.4698774083482002 | 7,-1.0492300882539145,0.19519770340485293
1786177714.539 -2.2537656938443913 -1.4698774083482002 :: 1,-2.2537656938443913,-1.4698774083482002 | 7,-1.0492300882539145,0.19519770340485293
1786177714.587 -2.2584574784188827 -1.4816597974531902 :: 1,-2.2584574784188827,-1.4816597974531902 | 7,-1.0492300882539145,0.19519770340485293
1786177714.739 -2.2584574784188827 -1.4816597974531902 :: 1,-2.2584574784188827,-1.4816597974531902 | 7,-1.0492300882539145,0.19519770340485293
1786177714.722 -2.2584574784188827 -1.4816597974531902 :: 1,-2.2584574784188827,-1.4816597974531902 | 7,-1.0492300882539145,0.19519770340485293
1786177714.845 -2.2584574784188827 -1.4816597974531902 :: 1,-2.2584574784188827,-1.4816597974531902 | 7,-1.0492300882539145,0.19519770340485293
1786177714.939 -2.2584574784188827 -1.4816597974531902 :: 1,-2.2584574784188827,-1.4816597974531902 | 7,-1.0492300882539145,0.19519770340485293
1786177714.968 -2.2584574784188827 -1.4816597974531902 :: 1,-2.2584574784188827,-1.4816597974531902 | 7,-1.0492300882539145,0.19519770340485293
1786177715.103 -2.2584574784188827 -1.4816597974531902 :: 1,-2.2584574784188827,-1.4816597974531902 | 7,-1.0492300882539145,0.19519770340485293
1786177715.139 -2.2584574784188827 -1.4816597974531902 :: 1,-2.2584574784188827,-1.4816597974531902 | 7,-1.0492300882539145,0.19519770340485293
1786177715.226 -2.2584574784188827 -1.4816597974531902 :: 1,-2.2584574784188827,-1.4816597974531902 | 7,-1.0492300882539145,0.19519770340485293
1786177715.339 -2.2584574784188827 -1.4816597974531902 :: 1,-2.2584574784188827,-1.4816597974531902 | 7,-1.0492300882539145,0.19519770340485293
1786177715.361 -2.2584574784188827 -1.4816597974531902 :: 1,-2.2584574784188827,-1.4816597974531902 | 7,-1.0492300882539145,0.19519770340485293
1786177715.483 -2.2584574784188827 -1.4816597974531902 :: 1,-2.2584574784188827,-1.4816597974531902 | 7,-1.0492300882539145,0.19519770340485293
1786177715.539 -2.2584574784188827 -1.4816597974531902 :: 1,-2.2584574784188827,-1.4816597974531902 | 7,-1.0492300882539145,0.19519770340485293
1786177715.739 -2.2584574784188827 -1.4816597974531902 :: 1,-2.2584574784188827,-1.4816597974531902 | 7,-1.0492300882539145,0.19519770340485293
1786177715.939 -2.2584574784188827 -1.4816597974531902 :: 1,-2.2584574784188827,-1.4816597974531902 | 7,-1.0492300882539145,0.19519770340485293
1786177716.139 -2.2584574784188827 -1.4816597974531902 :: 1,-2.2584574784188827,-1.4816597974531902 | 7,-1.0492300882539145,0.19519770340485293
1786177716.339 -2.2584574784188827 -1.4816597974531902 :: 1,-2.2584574784188827,-1.4816597974531902 | 7,-1.0492300882539145,0.19519770340485293
1786177716.539 -2.2584574784188827 -1.4816597974531902 :: 1,-2.2584574784188827,-1.4816597974531902 | 7,-1.0492300882539145,0.19519770340485293
1786177716.739 -2.2584574784188827 -1.4816597974531902 :: 1,-2.2584574784188827,-1.4816597974531902 | 7,-1.0492300882539145,0.19519770340485293
1786177716.939 -2.2584574784188827 -1.4816597974531902 :: 1,-2.2584574784188827,-1.4816597974531902 | 7,-1.0492300882539145,0.19519770340485293
1786177717.139 -2.2584574784188827 -1.4816597974531902 :: 1,-2.2584574784188827,-1.4816597974531902 | 7,-1.7473267665677452,-0.41843672988839525
1786177717.339 -2.2584574784188827 -1.4816597974531902 :: 1,-2.2584574784188827,-1.4816597974531902 | 7,-1.770432680252753,-0.5959483551686794
1786177717.539 -2.2584574784188827 -1.4816597974531902 :: 1,-2.2584574784188827,-1.4816597974531902 | 7,-1.816470072351476,-0.5294872947309123
1786177717.739 -1.7786792165370082 -0.256300918115982 :: 7,-1.7786792165370082,-0.256300918115982
1786177717.939 -1.9588240148892746 -0.2244278479154521 :: 7,-1.9588240148892746,-0.2244278479154521
1786177718.139 -1.8918378257853123 -0.21320423129721766 :: 7,-1.8918378257853123,-0.21320423129721766
1786177718.339 -1.90791350054669 -0.3360783505546408 :: 7,-1.90791350054669,-0.3360783505546408
1786177718.539 -1.8009119501662194 -0.42559036387168303 :: 7,-1.8009119501662194,-0.42559036387168303
1786177718.739 -1.7492671404300262 -0.43328563089271643 :: 7,-1.7492671404300262,-0.43328563089271643
1786177718.939 -1.8508919029505073 -0.795990294120339 :: 7,-1.8508919029505073,-0.795990294120339
1786177719.139 -1.9749981363305213 -0.8420154871959644 :: 7,-1.9749981363305213,-0.8420154871959644
1786177719.339 -1.9749981363305213 -0.8420154871959644 :: 7,-1.9749981363305213,-0.8420154871959644
1786177719.539 -1.9749981363305213 -0.8420154871959644 :: 7,-1.9749981363305213,-0.8420154871959644
1786177719.739 -3.119769608437614 -1.2709909209991908 :: 7,-3.119769608437614,-1.2709909209991908
1786177719.939 -3.119769608437614 -1.2709909209991908 :: 7,-3.119769608437614,-1.2709909209991908 | 8,-2.9679130063538492,-1.2154905955902147
1786177720.139 -3.119769608437614 -1.2709909209991908 :: 7,-3.119769608437614,-1.2709909209991908 | 8,-2.9679130063538492,-1.2154905955902147
1786177720.339 -3.119769608437614 -1.2709909209991908 :: 7,-3.119769608437614,-1.2709909209991908 | 8,-3.1201308075173766,-1.2726070728602776
1786177720.538 -3.119769608437614 -1.2709909209991908 :: 7,-3.119769608437614,-1.2709909209991908 | 8,-3.1201308075173766,-1.2726070728602776
1786177720.738 -3.119769608437614 -1.2709909209991908 :: 7,-3.119769608437614,-1.2709909209991908 | 8,-3.1201308075173766,-1.2726070728602776
1786177720.938 -3.119769608437614 -1.2709909209991908 :: 7,-3.119769608437614,-1.2709909209991908 | 8,-3.1201308075173766,-1.2726070728602776
1786177721.138 -3.119769608437614 -1.2709909209991908 :: 7,-3.119769608437614,-1.2709909209991908 | 8,-3.1201308075173766,-1.2726070728602776
1786177721.338 -3.119769608437614 -1.2709909209991908 :: 7,-3.119769608437614,-1.2709909209991908 | 8,-3.1201308075173766,-1.2726070728602776
1786177721.538 -3.119769608437614 -1.2709909209991908 :: 7,-3.119769608437614,-1.2709909209991908 | 8,-3.1201308075173766,-1.2726070728602776
1786177721.738 -3.119769608437614 -1.2709909209991908 :: 7,-3.119769608437614,-1.2709909209991908 | 8,-3.1201308075173766,-1.2726070728602776
1786177721.938 -3.119769608437614 -1.2709909209991908 :: 7,-3.119769608437614,-1.2709909209991908 | 8,-3.1201308075173766,-1.2726070728602776
1786177722.138 -3.119769608437614 -1.2709909209991908 :: 7,-3.119769608437614,-1.2709909209991908 | 8,-3.1198496357459606,-1.2700392601255972
1786177722.338 -3.119769608437614 -1.2709909209991908 :: 7,-3.119769608437614,-1.2709909209991908 | 8,-3.1198496357459606,-1.2700392601255972
1786177722.538 -3.119769608437614 -1.2709909209991908 :: 7,-3.119769608437614,-1.2709909209991908 | 8,-3.1198496357459606,-1.2700392601255972
1786177722.738 -3.119769608437614 -1.2709909209991908 :: 7,-3.119769608437614,-1.2709909209991908 | 8,-3.1198496357459606,-1.2700392601255972
1786177722.938 -3.1198496357459606 -1.2700392601255972 :: 8,-3.1198496357459606,-1.2700392601255972
1786177723.138 -3.9176634367366603 -1.5601977865339607 :: 8,-3.9176634367366603,-1.5601977865339607
1786177723.338 -3.9176634367366603 -1.5601977865339607 :: 8,-3.9176634367366603,-1.5601977865339607
1786177723.538 -3.9176634367366603 -1.5601977865339607 :: 8,-3.9176634367366603,-1.5601977865339607
1786177723.738 -3.9176634367366603 -1.5601977865339607 :: 8,-3.9176634367366603,-1.5601977865339607
1786177723.938 -3.9176634367366603 -1.5601977865339607 :: 8,-3.9176634367366603,-1.5601977865339607
1786177724.138 -3.9176634367366603 -1.5601977865339607 :: 8,-3.9176634367366603,-1.5601977865339607
1786177724.338 -3.9176634367366603 -1.5601977865339607 :: 8,-3.9176634367366603,-1.5601977865339607
1786177724.538 -3.9176634367366603 -1.5601977865339607 :: 8,-3.9176634367366603,-1.5601977865339607
1786177724.738 -3.9176634367366603 -1.5601977865339607 :: 8,-3.9176634367366603,-1.5601977865339607
1786177724.938 -3.9176634367366603 -1.5601977865339607 :: 8,-3.9176634367366603,-1.5601977865339607
1786177725.138 -3.9176634367366603 -1.5601977865339607 :: 8,-3.9176634367366603,-1.5601977865339607
